1, 1, 0, 0, 0, 0, 1, 1, 0, 0, 0, 0, 0, 0, 0, 0, 0, 0, 0, 0, 8.946309875, 5.33333333333, 8.946309875, 6.0, 4.0, 2.0998505, 5.5230801875, 6.0, 8.946309875, 6.0, 6.0, 8.946309875, 8.946309875, 2,
1, 1, 0, 0, 0, 0, 1, 1, 0, 0, 0, 0, 0, 0, 0, 0, 0, 0, 0, 0, 8.946309875, 5.33333333333, 8.946309875, 6.0, 4.0, 2.0998505, 5.5230801875, 6.0, 8.946309875, 6.0, 6.0, 8.946309875, 8.946309875, 2,
0, 0, 0, 1, 0, 0, 0, 0, 1, 0, 0, 1, 0, 0, 0, 0, 0, 0, 0, 0, 13.9166456364, 5.83529411765, 13.9166456364, 6.8, 0.5, 0.82964414, 4.24244725034, 6.02857142857, 13.9166456364, 7.0, 5.0, 0.82964414, 5.99244185528, 0,
0, 0, 0, 1, 0, 0, 0, 0, 0, 0, 0, 1, 0, 0, 0, 0, 0, 0, 0, 0, 3.76470588235, 5.95909090909, 7.52593369231, 7.0, 4.5, 0.430814514286, 2.79323712442, 5.6, 3.76470588235, 6.4, 4.8, 3.76470588235, 3.76470588235, 2,
0, 0, 0, 1, 0, 0, 0, 0, 0, 0, 0, 0, 0, 0, 1, 0, 0, 0, 0, 0, 7.40390515385, 6.11739130435, 58771.9298246, 8.0, 4.2, 2.22660098522, 8406.23311876, 5.78, 7.40390515385, 6.4, 5.3, 1.46795172619, 3.75215812668, 2,
1, 0, 0, 0, 0, 0, 0, 0, 0, 0, 0, 0, 0, 0, 0, 0, 0, 1, 0, 0, 4.47323254286, 6.10769230769, 9.221894, 7.1, 4.3, 6e-08, 2.53802548989, 5.4375, 33.0714285714, 6.6, 3.7, 6e-08, 6.65478408255, 2,
1, 1, 0, 1, 1, 0, 1, 0, 0, 0, 0, 0, 0, 1, 0, 0, 0, 1, 0, 0, 5.82254087778, 5.99, 8.3557872, 7.4, 2.0, 0.0598645, 3.53869100062, 6.475, 5.82254087778, 6.9, 5.7, 2.44467942, 4.13361014889, 0,
1, 1, 0, 0, 0, 0, 0, 0, 1, 0, 0, 0, 0, 0, 0, 0, 0, 1, 0, 0, 2.38872469565, 5.7, 4.4644658, 6.4, 5.1, 0.0601873428571, 2.28133981383, 5.6, 2.38872469565, 5.6, 5.6, 2.38872469565, 2.38872469565, 3,
0, 0, 0, 0, 0, 0, 1, 0, 0, 0, 0, 0, 0, 0, 0, 0, 0, 0, 1, 0, 3.33333333333, 6.9, 23.7887067333, 7.3, 6.5, 3.33333333333, 13.5610200333, 6.5, 3.33333333333, 7.3, 5.9, 0.0791893409091, 1.70626133712, 0,
1, 0, 0, 0, 0, 0, 0, 0, 0, 0, 0, 1, 0, 0, 0, 1, 0, 0, 0, 0, 2.31428571429, 6.325, 15.2631578947, 7.9, 3.0, 0.0965895, 4.30768710665, 6.90769230769, 12.0652912, 7.9, 5.6, 1.5e-05, 3.74697611122, 3,
0, 0, 0, 0, 0, 0, 1, 0, 0, 0, 1, 0, 0, 0, 0, 0, 0, 0, 1, 0, 2.30681818182, 6.31666666667, 3.53354040909, 7.5, 4.9, 2.30681818182, 2.92017929545, 6.86666666667, 2.30681818182, 6.9, 6.8, 2.30681818182, 2.30681818182, 1,
0, 1, 0, 0, 0, 0, 1, 0, 0, 0, 0, 0, 0, 0, 0, 0, 0, 0, 0, 1, 19.2822203636, 6.5, 19.2822203636, 7.1, 5.7, 0.220327925, 6.0291859108, 7.1, 19.2822203636, 7.1, 7.1, 19.2822203636, 19.2822203636, 0,
1, 0, 0, 0, 1, 0, 0, 0, 0, 0, 0, 1, 0, 0, 0, 0, 0, 1, 0, 0, 1.35982189474, 5.78571428571, 9.27690909091, 7.0, 3.3, 0.373699955224, 2.46689642495, 6.75, 26.74109525, 7.8, 4.5, 0.0215739130435, 5.55178720259, 1,
1, 0, 0, 0, 0, 0, 0, 0, 1, 0, 0, 0, 0, 0, 0, 0, 0, 0, 0, 0, 4.16019580667, 6.13333333333, 4.16019580667, 7.5, 4.3, 0.951958729412, 2.26202379248, 5.8, 4.16019580667, 5.8, 5.8, 4.16019580667, 4.16019580667, 2,
1, 0, 0, 0, 0, 0, 0, 0, 0, 0, 0, 1, 0, 0, 0, 0, 0, 0, 0, 0, 2.50224588889, 5.45, 2.50224588889, 6.2, 4.0, 2.29827184615, 2.40025886752, 5.84615384615, 5.41579364865, 7.9, 1.8, 0.534632444444, 2.7112106248, 3,
0, 1, 0, 1, 0, 0, 0, 1, 0, 0, 0, 0, 0, 0, 0, 1, 0, 0, 0, 0, 20.0584085263, 6.60588235294, 20.0584085263, 7.8, 5.5, 1.464415125, 5.55031120486, 6.64166666667, 20.0584085263, 7.5, 5.0, 3.33333333333e-07, 7.19582141218, 0,
0, 1, 0, 0, 0, 0, 0, 1, 1, 0, 0, 0, 0, 0, 0, 0, 0, 0, 0, 0, 5.12733555, 6.50869565217, 11.7528264, 7.5, 5.6, 0.327080944444, 3.5046560008, 6.57142857143, 17.5164839111, 7.4, 5.3, 4.21339098889, 10.4878081425, 2,
0, 1, 0, 0, 0, 0, 0, 1, 1, 0, 0, 0, 0, 0, 0, 0, 0, 0, 0, 0, 5.12733555, 6.50869565217, 11.7528264, 7.5, 5.6, 0.327080944444, 3.5046560008, 6.57142857143, 17.5164839111, 7.4, 5.3, 4.21339098889, 10.4878081425, 2,
0, 0, 0, 0, 0, 0, 1, 0, 0, 0, 0, 0, 0, 0, 0, 1, 0, 1, 0, 0, 1.17030964286, 6.5347826087, 9.53925463636, 7.8, 5.0, 0.153008489362, 2.40758665696, 6.15, 1.17030964286, 7.6, 4.7, 1.17030964286, 1.17030964286, 1,
1, 1, 0, 0, 0, 0, 0, 0, 0, 0, 0, 0, 0, 0, 0, 1, 0, 0, 0, 0, 3.57395021818, 5.73125, 10.8929235733, 6.6, 3.8, 1.36911158, 3.97765194625, 5.61818181818, 10.8929235733, 6.6, 3.8, 2.53333333333, 4.54272973291, 0,
0, 0, 0, 0, 0, 0, 1, 0, 0, 0, 1, 0, 0, 0, 0, 0, 0, 0, 0, 0, 9.35e-06, 7.125, 2.72210384615, 7.9, 6.4, 2.5e-06, 0.907371898718, 6.33333333333, 6.0, 7.9, 4.8, 9.35e-06, 2.2760470675, 1,
1, 1, 0, 1, 0, 0, 0, 0, 1, 0, 0, 0, 0, 0, 0, 0, 0, 0, 0, 0, 0.44, 5.95909090909, 8.33333333333, 7.1, 4.4, 0.0498974, 2.10679513647, 6.34, 4.02027570769, 7.0, 5.0, 0.44, 2.12978762361, 1,
0, 0, 0, 0, 0, 0, 1, 0, 0, 0, 0, 0, 0, 1, 0, 0, 0, 1, 0, 0, 16.8201573, 5.8125, 16.8201573, 7.2, 4.9, 0.563802253333, 4.32802519443, 5.75454545455, 16.8201573, 7.2, 4.9, 0.563802253333, 3.70936165487, 0,
1, 1, 0, 0, 0, 0, 0, 0, 0, 0, 0, 0, 0, 0, 0, 0, 0, 0, 0, 0, 2.434, 6.29230769231, 7.40566254545, 10.0, 4.6, 0.547596326531, 2.56701159869, 5.8, 2.434, 5.8, 5.8, 2.434, 2.434, 3,
0, 0, 0, 0, 0, 0, 1, 0, 0, 0, 1, 0, 0, 0, 1, 0, 0, 0, 0, 0, 1.33932114286, 5.05, 1.33932114286, 8.0, 0.5, 1.33932114286, 1.33932114286, 6.125, 7.55924, 7.3, 5.1, 0.6, 3.42795197689, 3,
0, 0, 0, 0, 0, 0, 1, 0, 0, 0, 0, 1, 0, 0, 0, 0, 0, 1, 0, 0, 39.6555911905, 6.05, 39.6555911905, 7.6, 2.9, 0.0337383540373, 7.124671915, 6.20769230769, 39.6555911905, 7.6, 4.8, 39.6555911905, 39.6555911905, 0,
0, 0, 0, 0, 0, 0, 0, 0, 0, 0, 0, 0, 0, 0, 0, 1, 0, 0, 0, 0, 1.994828525, 6.04, 1.994828525, 7.4, 4.0, 1.75334838333, 1.87408845417, 5.9, 1.994828525, 5.9, 5.9, 1.994828525, 1.994828525, 3,
0, 0, 0, 0, 1, 0, 1, 0, 1, 0, 0, 0, 0, 0, 0, 0, 0, 0, 0, 0, 4.74333333333, 6.51666666667, 4.74333333333, 8.2, 5.0, 0.518299416667, 2.39182551639, 6.16666666667, 8.9586444, 8.2, 3.3, 0.434102263158, 3.32336848249, 0,
0, 0, 0, 0, 0, 0, 1, 0, 0, 0, 0, 0, 0, 0, 0, 0, 0, 0, 0, 0, 14.1930174, 6.01304347826, 14.1930174, 7.3, 4.3, 0.11645068, 4.97905006714, 6.85, 14.1930174, 7.8, 5.7, 0.00054, 7.0967787, 0,
1, 1, 0, 0, 0, 0, 0, 0, 0, 0, 0, 0, 0, 0, 0, 0, 0, 1, 1, 0, 8.34752693333, 6.09285714286, 8.34752693333, 7.0, 4.5, 2.01580853, 5.00410602624, 6.03333333333, 8.34752693333, 6.8, 5.0, 3.09223548, 5.71988120667, 0,
0, 0, 0, 1, 0, 0, 1, 0, 0, 0, 0, 0, 0, 0, 0, 0, 0, 0, 0, 0, 4.40197001667, 6.18, 14.3817143902, 7.6, 1.0, 1.41340740667, 4.89029171915, 6.38571428571, 4.40197001667, 7.3, 5.3, 0.348132694444, 2.22241917395, 0,
0, 0, 0, 0, 0, 0, 1, 0, 0, 0, 0, 0, 0, 1, 0, 0, 0, 1, 0, 0, 3.86, 6.34444444444, 4.6050465, 7.4, 2.0, 1.38537528571, 2.93209716786, 7.1, 3.86, 7.1, 7.1, 3.86, 3.86, 0,
0, 0, 0, 1, 0, 0, 1, 0, 0, 0, 0, 0, 0, 0, 1, 0, 0, 0, 0, 0, 9.56285625, 6.59534883721, 9.56285625, 8.0, 5.1, 0.708755533333, 5.1083651888, 6.61489361702, 9.56285625, 8.0, 5.1, 0.708755533333, 4.87788576474, 0,
1, 1, 0, 0, 0, 0, 0, 0, 0, 0, 0, 0, 0, 0, 0, 0, 0, 1, 1, 0, 3.00024779365, 5.51666666667, 3.00024779365, 6.3, 4.8, 1.55044770833, 2.27534775099, 6.0619047619, 106.577406364, 7.0, 4.8, 0.6423032, 11.0902475924, 2,
1, 1, 0, 0, 0, 0, 0, 0, 0, 0, 0, 0, 0, 0, 0, 1, 0, 0, 0, 0, 4.02027570769, 6.03125, 7.45066583333, 7.5, 3.9, 0.452238977778, 2.97115067931, 5.87, 9.53925463636, 7.3, 5.0, 1.04492665, 3.93102787648, 0,
1, 0, 0, 0, 0, 0, 0, 0, 0, 0, 0, 0, 0, 0, 0, 0, 0, 1, 0, 0, 3.42901562857, 5.84117647059, 10.3571428571, 6.8, 4.5, 0.168218457143, 2.0691047125, 5.8, 7.44247494737, 6.4, 4.9, 0.466666666667, 2.68552256237, 2,
1, 1, 0, 1, 1, 0, 0, 0, 0, 0, 0, 0, 0, 0, 0, 1, 0, 0, 0, 0, 9.42242684848, 6.1, 9.42242684848, 7.0, 5.5, 0.317433678571, 4.60978619875, 6.0, 9.42242684848, 6.6, 4.6, 0.674501032258, 5.1795324724, 2,
1, 0, 0, 0, 1, 0, 1, 0, 0, 0, 0, 0, 0, 0, 0, 0, 0, 1, 0, 0, 3.12394696667, 6.13076923077, 3.35021986154, 7.2, 4.5, 0.425958779412, 1.76342757801, 6.20833333333, 3.12394696667, 7.2, 4.5, 0.425958779412, 1.53674296607, 0,
1, 1, 0, 0, 0, 0, 0, 0, 0, 0, 0, 0, 0, 0, 0, 1, 0, 0, 0, 0, 29.9111111111, 5.76666666667, 29.9111111111, 8.0, 3.3, 1.30517637143, 11.8869106423, 6.6, 29.9111111111, 7.8, 4.8, 0.534764852632, 15.2229379819, 0,
0, 0, 0, 0, 1, 0, 1, 0, 0, 0, 0, 0, 0, 0, 0, 0, 0, 0, 0, 0, 4.89522342857, 6.0, 4.89522342857, 6.9, 4.4, 4.89522342857, 4.89522342857, 5.65, 4.89522342857, 6.9, 4.6, 0.0212318888889, 1.29124680159, 0,
0, 1, 0, 0, 0, 0, 1, 0, 1, 0, 0, 0, 0, 0, 1, 0, 0, 0, 0, 0, 10.6112601351, 6.0, 10.6112601351, 6.6, 5.3, 1.31428571429e-06, 3.75867289212, 5.88333333333, 14.19421896, 6.6, 5.6, 2.66659795057, 8.08656121766, 2,
0, 0, 1, 1, 0, 0, 0, 1, 1, 0, 0, 0, 0, 0, 0, 0, 0, 0, 0, 0, 4.8940544, 7.2, 9.19814870213, 7.3, 7.1, 4.8940544, 6.46935421904, 7.1, 4.8940544, 7.1, 7.1, 4.8940544, 4.8940544, 0,
0, 0, 1, 0, 0, 0, 0, 1, 0, 0, 0, 0, 0, 0, 0, 0, 0, 0, 0, 0, 7.87701427536, 6.74, 12.7731826974, 8.2, 3.5, 7.87701427536, 10.3250984864, 6.36666666667, 7.87701427536, 8.2, 4.7, 3.49574134118, 5.68637780827, 0,
1, 0, 0, 0, 0, 0, 1, 0, 0, 0, 0, 1, 0, 0, 0, 1, 0, 1, 0, 0, 3.90232673333, 6.3875, 6.51864193846, 7.6, 3.0, 2.3042724, 4.34923084392, 6.21666666667, 3.90232673333, 6.9, 5.2, 1.13546760625, 3.0240896849, 0,
0, 0, 0, 0, 0, 0, 1, 0, 0, 0, 0, 0, 0, 0, 0, 0, 0, 0, 0, 0, 36.3270916667, 6.72727272727, 36.3270916667, 7.8, 5.7, 0.560861111111, 10.0827759146, 7.3, 36.3270916667, 7.8, 6.8, 36.3270916667, 36.3270916667, 0,
0, 0, 0, 0, 1, 0, 1, 0, 0, 0, 0, 0, 0, 0, 0, 0, 0, 0, 0, 0, 4.89522342857, 6.0, 4.89522342857, 6.9, 4.4, 4.89522342857, 4.89522342857, 5.65, 4.89522342857, 6.9, 4.6, 0.0212318888889, 1.29124680159, 0,
0, 0, 1, 1, 0, 0, 0, 1, 1, 0, 0, 0, 0, 0, 0, 0, 0, 0, 0, 0, 4.8940544, 7.2, 9.19814870213, 7.3, 7.1, 4.8940544, 6.46935421904, 7.1, 4.8940544, 7.1, 7.1, 4.8940544, 4.8940544, 0,
0, 0, 1, 0, 0, 0, 0, 1, 0, 0, 0, 0, 0, 0, 0, 0, 0, 0, 0, 0, 7.87701427536, 6.74, 12.7731826974, 8.2, 3.5, 7.87701427536, 10.3250984864, 6.36666666667, 7.87701427536, 8.2, 4.7, 3.49574134118, 5.68637780827, 0,
1, 0, 0, 0, 0, 0, 1, 0, 0, 0, 0, 1, 0, 0, 0, 1, 0, 1, 0, 0, 3.90232673333, 6.3875, 6.51864193846, 7.6, 3.0, 2.3042724, 4.34923084392, 6.21666666667, 3.90232673333, 6.9, 5.2, 1.13546760625, 3.0240896849, 0,
0, 0, 0, 0, 0, 0, 1, 0, 0, 0, 0, 0, 0, 0, 0, 0, 0, 0, 0, 0, 36.3270916667, 6.72727272727, 36.3270916667, 7.8, 5.7, 0.560861111111, 10.0827759146, 7.3, 36.3270916667, 7.8, 6.8, 36.3270916667, 36.3270916667, 0,
1, 1, 0, 0, 0, 0, 0, 0, 0, 0, 0, 0, 0, 1, 0, 0, 0, 1, 0, 0, 3.47451894, 6.13333333333, 11.0617429286, 7.0, 5.3, 1.43522660667, 5.46698248049, 5.61764705882, 7.40566254545, 6.8, 3.8, 1.9495976, 4.07607450636, 2,
0, 0, 0, 0, 0, 0, 1, 0, 0, 0, 0, 0, 0, 1, 0, 1, 0, 0, 0, 0, 1.90133698889, 6.60588235294, 20.0584085263, 7.8, 5.5, 1.464415125, 5.55031120486, 6.9, 1.90133698889, 6.9, 6.9, 1.90133698889, 1.90133698889, 1,
0, 0, 1, 0, 0, 0, 0, 1, 0, 0, 0, 0, 0, 0, 0, 0, 0, 0, 0, 0, 2.27613436923, 6.63333333333, 2.27613436923, 7.2, 5.6, 2.27613436923, 2.27613436923, 5.84705882353, 8.5, 10.0, 3.8, 2.15315908235, 3.71796546997, 1,
0, 0, 0, 0, 1, 0, 1, 0, 0, 0, 0, 0, 0, 0, 0, 0, 0, 0, 0, 0, 4.15875675, 6.56470588235, 25.1940362667, 10.0, 1.5, 0.64035606, 7.02310918979, 5.53333333333, 4.15875675, 7.3, 1.5, 4.15875675, 4.15875675, 0,
1, 0, 0, 0, 0, 0, 0, 0, 0, 0, 1, 0, 0, 0, 0, 0, 0, 0, 1, 0, 1.52881045333, 6.325, 7.62027108333, 6.6, 6.1, 1.52881045333, 3.62343008365, 6.66666666667, 7.62027108333, 7.4, 6.1, 1.52881045333, 3.63822718114, 1,
1, 1, 0, 0, 0, 0, 0, 0, 0, 0, 0, 0, 0, 0, 0, 1, 0, 1, 0, 0, 4.92399800667, 6.34285714286, 7.35741877778, 7.6, 5.4, 0.545932013422, 2.75439988137, 6.30666666667, 7.35741877778, 7.6, 5.4, 0.5, 2.13153000956, 0,
1, 0, 0, 0, 1, 0, 1, 0, 0, 0, 0, 0, 0, 0, 0, 0, 0, 1, 0, 0, 8.35869568889, 6.125, 8.35869568889, 6.4, 5.9, 1.621401625, 5.09991340347, 6.26956521739, 9.19232934286, 7.4, 4.6, 0.299894771429, 4.91679585927, 2,
1, 1, 0, 0, 0, 0, 0, 0, 0, 0, 0, 0, 0, 0, 0, 0, 0, 0, 0, 0, 9.87857929167, 6.72258064516, 75.5152908571, 7.8, 5.5, 1.86227015714, 12.0526278784, 6.64444444444, 21.6625539444, 7.4, 5.6, 0.796296296296, 9.14737904932, 0,
0, 0, 0, 0, 0, 0, 1, 0, 0, 0, 0, 0, 0, 0, 0, 0, 0, 0, 0, 0, 6.83149871154, 6.31818181818, 8.72766675, 7.9, 5.2, 0.958752342857, 3.57186594011, 6.5875, 6.83149871154, 7.5, 5.9, 0.732224988889, 2.92680485739, 0,
0, 0, 1, 0, 0, 0, 0, 1, 0, 0, 0, 0, 0, 0, 0, 0, 0, 0, 0, 0, 6.863501, 6.92857142857, 6.863501, 7.4, 6.5, 0.330847214286, 4.03590677323, 6.5, 6.863501, 7.4, 3.5, 0.330847214286, 3.7841667781, 0,
0, 1, 1, 1, 0, 0, 0, 1, 0, 0, 0, 0, 0, 0, 0, 0, 0, 0, 0, 0, 6.49588366102, 6.56, 6.49588366102, 10.0, 3.8, 2.68426634, 4.21870330701, 6.4, 9.85207574444, 6.7, 6.1, 6.49588366102, 8.52737166849, 0,
0, 0, 1, 0, 0, 0, 0, 1, 0, 0, 0, 0, 0, 0, 0, 0, 0, 0, 0, 0, 6.863501, 6.92857142857, 6.863501, 7.4, 6.5, 0.330847214286, 4.03590677323, 6.5, 6.863501, 7.4, 3.5, 0.330847214286, 3.7841667781, 0,
0, 1, 1, 1, 0, 0, 0, 1, 0, 0, 0, 0, 0, 0, 0, 0, 0, 0, 0, 0, 6.49588366102, 6.56, 6.49588366102, 10.0, 3.8, 2.68426634, 4.21870330701, 6.4, 9.85207574444, 6.7, 6.1, 6.49588366102, 8.52737166849, 0,
1, 1, 0, 1, 1, 0, 0, 0, 0, 0, 0, 0, 0, 0, 0, 0, 0, 1, 0, 0, 9.19232934286, 6.05294117647, 9.19232934286, 7.0, 4.5, 0.132913628571, 3.81825766246, 6.31666666667, 9.87857929167, 7.3, 5.5, 9.11415944, 9.39502269151, 2,
1, 1, 0, 1, 1, 0, 0, 0, 0, 0, 0, 0, 0, 0, 0, 0, 0, 1, 0, 0, 9.11415944, 6.05294117647, 9.19232934286, 7.0, 4.5, 0.132913628571, 3.81825766246, 6.46666666667, 9.11415944, 7.2, 5.7, 1.0523432, 4.28241716807, 2,
0, 0, 1, 0, 0, 0, 0, 1, 0, 0, 0, 0, 0, 0, 0, 0, 0, 0, 0, 0, 7.87701427536, 6.74, 12.7731826974, 8.2, 3.5, 7.87701427536, 10.3250984864, 6.36666666667, 7.87701427536, 8.2, 4.7, 3.49574134118, 5.68637780827, 0,
0, 0, 1, 0, 0, 0, 0, 1, 0, 0, 0, 0, 0, 0, 0, 0, 0, 0, 0, 0, 7.87701427536, 6.74, 12.7731826974, 8.2, 3.5, 7.87701427536, 10.3250984864, 6.36666666667, 7.87701427536, 8.2, 4.7, 3.49574134118, 5.68637780827, 0,
1, 1, 0, 1, 0, 0, 0, 0, 0, 0, 0, 0, 0, 0, 0, 0, 0, 0, 0, 0, 3.19271756, 5.60555555556, 4.36888000636, 7.2, 3.5, 1.00923691429, 2.18624545722, 5.7, 3.19271756, 6.3, 4.8, 0.1868092, 1.68976338, 2,
0, 0, 0, 1, 0, 0, 0, 0, 0, 0, 0, 0, 0, 0, 1, 0, 0, 0, 0, 0, 16.0819413478, 5.65833333333, 16.0819413478, 6.4, 4.8, 0.181292146667, 3.43565250208, 5.62, 16.0819413478, 6.4, 5.1, 0.373533644444, 5.04737705358, 2,
1, 1, 0, 0, 0, 0, 0, 0, 1, 0, 0, 0, 0, 0, 0, 1, 0, 1, 0, 0, 2.93244644444, 6.45625, 11.47159, 8.5, 5.0, 0.1953295, 3.31910830905, 6.26956521739, 9.19232934286, 7.4, 4.6, 0.299894771429, 4.91679585927, 1,
0, 0, 0, 1, 0, 0, 0, 0, 0, 0, 0, 0, 0, 0, 0, 0, 0, 0, 0, 0, 13.1220176857, 5.89, 13.1220176857, 6.9, 4.3, 0.89037845, 4.73932180239, 5.98571428571, 13.1220176857, 6.9, 5.5, 0.373533644444, 4.43168889258, 0,
0, 1, 0, 0, 0, 0, 0, 0, 0, 0, 0, 0, 0, 0, 0, 1, 0, 0, 0, 0, 14.6047619048, 6.72258064516, 75.5152908571, 7.8, 5.5, 1.86227015714, 12.0526278784, 6.11, 14.6047619048, 8.5, 5.0, 0.2435092375, 6.04524769502, 0,
0, 0, 0, 0, 0, 0, 0, 0, 0, 0, 0, 1, 0, 1, 0, 1, 0, 0, 0, 0, 0.784564183333, 5.77692307692, 6.78866222222, 6.5, 4.8, 0.19423844, 2.57647479492, 5.7, 0.784564183333, 6.5, 4.7, 0.254145625, 0.519354904167, 1,
1, 0, 0, 0, 1, 0, 0, 0, 1, 0, 0, 0, 0, 0, 0, 1, 0, 1, 0, 0, 3.5, 6.50869565217, 11.7528264, 7.5, 5.6, 0.327080944444, 3.49582818414, 6.25384615385, 11.7528264, 7.9, 4.4, 0.82102379, 5.35750646833, 0,
1, 0, 0, 0, 0, 0, 0, 0, 0, 0, 0, 0, 0, 0, 0, 1, 0, 0, 0, 0, 1.41192981481, 5.0, 1.41192981481, 6.3, 4.0, 1.23018149883, 1.32105565682, 5.78857142857, 17.5, 8.2, 3.0, 0.845843095238, 5.0573033606, 3,
0, 0, 0, 0, 0, 0, 0, 0, 0, 0, 0, 1, 0, 0, 0, 0, 0, 1, 0, 0, 2.31670389474, 6.4125, 12.0859090909, 7.9, 3.4, 0.0170976774194, 4.12273166128, 7.39, 12.0859090909, 7.9, 6.6, 0.0170976774194, 4.01307311894, 1,
1, 0, 0, 0, 0, 0, 0, 0, 0, 0, 0, 0, 0, 0, 0, 1, 0, 1, 0, 0, 2.175, 6.0, 2.175, 6.3, 5.8, 1.39330955556, 1.77339294222, 5.45, 15.6786494286, 8.1, 3.8, 0.82102379, 4.17158693924, 3,
1, 0, 0, 0, 1, 0, 0, 0, 0, 0, 0, 0, 0, 0, 0, 0, 0, 1, 0, 0, 5.13733333333, 6.15, 5.13733333333, 6.8, 5.3, 5.13733333333, 5.13733333333, 6.09523809524, 18.66, 7.7, 4.3, 0.085, 6.11316821708, 0,
1, 0, 0, 0, 0, 0, 0, 0, 0, 0, 0, 1, 0, 0, 0, 1, 0, 1, 0, 0, 2.87055614815, 6.4, 4.38201189474, 7.4, 5.6, 0.849349666667, 2.17049537155, 5.78846153846, 4.324165148, 7.4, 1.8, 0.534632444444, 2.62723920167, 3,
0, 0, 0, 0, 0, 0, 0, 0, 0, 0, 0, 1, 0, 0, 0, 0, 0, 1, 0, 0, 363.047058824, 5.47142857143, 363.047058824, 7.4, 2.0, 1.70763234043, 76.6122639534, 5.26666666667, 363.047058824, 6.8, 2.0, 2.36209725, 184.931728856, 0,
1, 0, 0, 0, 0, 0, 0, 0, 1, 0, 0, 1, 0, 0, 0, 1, 0, 1, 0, 0, 2.5708232, 5.95, 2.5708232, 7.0, 5.2, 0.545454545455, 1.55813887273, 5.95, 2.5708232, 7.0, 5.2, 0.545454545455, 1.55813887273, 3,
0, 0, 0, 1, 0, 0, 0, 0, 1, 0, 0, 1, 0, 0, 0, 0, 0, 0, 0, 0, 1.64529, 6.51875, 84.0, 8.0, 5.6, 0.579764375, 10.8861406158, 6.51111111111, 84.0, 7.5, 5.6, 1.64529, 18.95663819, 1,
1, 1, 0, 0, 0, 0, 0, 0, 0, 0, 0, 0, 0, 0, 0, 1, 0, 1, 0, 0, 12.300416, 6.37, 12.300416, 8.1, 4.8, 0.768131777778, 3.28035978608, 6.31428571429, 12.300416, 7.0, 5.5, 0.7825, 4.25224841151, 0,
0, 0, 0, 0, 0, 0, 0, 0, 0, 0, 0, 1, 0, 0, 0, 0, 0, 1, 0, 0, 2.56674622222, 5.125, 2.56674622222, 5.8, 4.4, 2.56674622222, 2.56674622222, 4.85, 2.56674622222, 5.3, 4.4, 1.23680445, 1.90177533611, 4,
0, 1, 0, 0, 0, 0, 0, 1, 1, 0, 0, 0, 0, 0, 0, 0, 0, 0, 0, 0, 1.16445542105, 5.875, 1.47375055556, 6.2, 5.3, 1.16445542105, 1.3191029883, 5.3, 1.16445542105, 5.3, 5.3, 1.16445542105, 1.16445542105, 3,
0, 0, 0, 0, 0, 0, 1, 0, 0, 0, 0, 0, 0, 0, 0, 0, 0, 0, 0, 0, 4.14513564516, 5.94285714286, 8.4380952381, 7.6, 4.0, 0.2310785, 3.74189412593, 6.6, 4.14513564516, 6.9, 6.3, 4.14513564516, 4.14513564516, 0,
1, 1, 0, 0, 0, 0, 0, 0, 0, 0, 0, 0, 0, 0, 0, 0, 0, 1, 0, 0, 11.7106418571, 5.175, 11.7106418571, 6.2, 4.6, 2.11948860714, 6.91506523214, 6.32777777778, 54.1818181818, 7.7, 5.5, 3.02737334545, 15.5736759001, 2,
0, 0, 1, 1, 0, 0, 0, 1, 0, 0, 0, 0, 0, 0, 0, 0, 0, 0, 0, 0, 4.99632364444, 6.06666666667, 4.99632364444, 6.8, 5.4, 1.03008128571, 2.66623698228, 6.23333333333, 4.99632364444, 6.8, 5.8, 0.43261285906, 2.71446825175, 2,
0, 0, 0, 0, 0, 0, 1, 0, 0, 0, 0, 0, 0, 0, 0, 0, 0, 0, 1, 0, 2.72692211765, 6.4125, 12.0859090909, 7.9, 3.4, 0.0170976774194, 4.12273166128, 7.5, 2.72692211765, 7.5, 7.5, 2.72692211765, 2.72692211765, 1,
1, 1, 0, 0, 0, 0, 0, 0, 0, 0, 0, 0, 0, 0, 0, 1, 0, 0, 0, 0, 3.119666655, 6.4125, 51.460903, 7.3, 5.4, 0.989561553846, 9.61948462414, 5.32, 3.119666655, 6.6, 2.0, 0.792248173333, 2.00011266904, 0,
1, 1, 0, 0, 0, 0, 0, 0, 0, 0, 0, 0, 0, 0, 0, 1, 0, 0, 0, 0, 6.07719997, 7.0, 6.07719997, 7.2, 6.8, 1.0523432, 3.564771585, 6.46666666667, 9.11415944, 7.2, 5.7, 1.0523432, 4.28241716807, 0,
0, 0, 1, 1, 0, 0, 0, 1, 0, 0, 0, 0, 0, 0, 0, 0, 0, 0, 0, 0, 5.38905754444, 6.585, 12.0652912, 7.4, 5.9, 2.79926198, 5.42635833489, 7.05833333333, 12.0652912, 8.0, 6.0, 1.1365564, 5.37302536987, 0,
0, 0, 1, 1, 0, 0, 0, 1, 0, 0, 0, 0, 0, 0, 0, 0, 0, 0, 0, 0, 5.315859555, 7.2, 9.19814870213, 7.3, 7.1, 4.8940544, 6.46935421904, 7.05, 12.5400565, 7.6, 6.2, 2.3847381, 6.68982402337, 0,
1, 0, 0, 0, 0, 0, 0, 0, 0, 0, 0, 0, 0, 0, 1, 0, 0, 0, 1, 0, 23.7887067333, 6.25882352941, 23.7887067333, 7.1, 5.0, 0.20338404, 4.37749119997, 5.57142857143, 23.7887067333, 6.5, 4.8, 0.716485240964, 6.66078994876, 0,
1, 0, 0, 0, 0, 0, 0, 0, 0, 0, 0, 0, 0, 0, 0, 0, 0, 1, 0, 0, 4.01347221111, 6.09090909091, 6.68375476667, 7.0, 3.4, 0.38561811875, 3.67131867492, 6.26666666667, 4.95388757143, 7.0, 5.2, 3.3114585, 4.09293942751, 0,
0, 1, 0, 0, 0, 0, 0, 1, 1, 0, 0, 0, 0, 0, 0, 1, 0, 0, 0, 0, 75.5152908571, 6.72258064516, 75.5152908571, 7.8, 5.5, 1.86227015714, 12.0526278784, 6.56, 75.5152908571, 7.4, 5.3, 75.5152908571, 75.5152908571, 0,
0, 0, 0, 0, 0, 0, 1, 0, 1, 0, 0, 0, 0, 0, 0, 0, 0, 0, 1, 0, 4.38201189474, 6.4, 4.38201189474, 7.4, 5.6, 0.849349666667, 2.17049537155, 6.56363636364, 4.38201189474, 7.7, 5.3, 0.849349666667, 2.55247315967, 0,
1, 1, 0, 0, 0, 0, 0, 0, 0, 0, 0, 0, 0, 0, 0, 0, 0, 1, 0, 0, 6.68, 5.1625, 6.97545721429, 6.0, 3.8, 0.206276775, 4.76708877217, 6.475, 6.68, 8.3, 5.6, 0.388191787709, 3.88620498859, 2,
0, 1, 0, 1, 1, 0, 0, 1, 0, 0, 0, 0, 0, 0, 0, 0, 0, 0, 0, 0, 19.9439822778, 6.19333333333, 19.9439822778, 7.3, 4.7, 0.7917655, 8.32672370645, 6.028125, 45.875171, 8.5, 3.3, 0.270819352941, 8.03321526239, 2,
0, 0, 1, 0, 0, 0, 0, 1, 1, 0, 0, 0, 1, 0, 1, 0, 0, 0, 0, 0, 15.09402212, 5.83333333333, 15.09402212, 7.0, 4.0, 1.00138851, 5.88195277944, 6.57142857143, 17.5164839111, 7.4, 5.3, 4.21339098889, 10.4878081425, 0,
0, 0, 0, 0, 0, 0, 1, 0, 0, 0, 0, 0, 0, 0, 0, 0, 0, 0, 0, 0, 9.69270051613, 6.0, 28.5974514286, 6.7, 4.8, 3.09223548, 9.51235224252, 6.0619047619, 106.577406364, 7.0, 4.8, 0.6423032, 11.0902475924, 0,
0, 1, 0, 1, 0, 0, 0, 1, 1, 0, 0, 0, 0, 0, 1, 0, 0, 0, 0, 0, 1.928613375, 6.71111111111, 6.535875, 8.7, 5.2, 0.125372285714, 3.55454285907, 6.25357142857, 17.0514815, 7.5, 3.3, 0.358950825, 3.27749300265, 1,
1, 1, 0, 0, 0, 0, 0, 0, 0, 0, 0, 0, 0, 0, 0, 1, 0, 0, 0, 0, 7.52212389381, 6.79285714286, 148.005148005, 10.0, 5.0, 0.5, 34.7290883801, 6.62916666667, 148.005148005, 10.0, 4.1, 3.13642213642, 25.2122442264, 0,
0, 0, 0, 0, 0, 0, 1, 0, 0, 0, 0, 0, 0, 0, 0, 0, 0, 0, 0, 0, 28.5974514286, 6.0, 28.5974514286, 6.7, 4.8, 3.09223548, 9.51235224252, 6.0619047619, 106.577406364, 7.0, 4.8, 0.6423032, 11.0902475924, 0,
0, 0, 0, 0, 0, 0, 1, 0, 0, 0, 0, 0, 0, 0, 1, 1, 0, 0, 0, 0, 3.6, 6.75833333333, 3.95929553333, 10.0, 5.6, 0.117551333333, 2.69630445333, 6.91428571429, 3.6, 7.6, 5.8, 0.117551333333, 1.98385453003, 0,
0, 0, 0, 0, 0, 0, 0, 0, 0, 0, 0, 0, 0, 1, 0, 0, 0, 1, 0, 0, 4.41367733333, 7.36, 5.159375, 8.4, 6.6, 1.45652173913, 3.58535001816, 7.36666666667, 5.159375, 8.4, 6.6, 2.49479115333, 3.88205887822, 0,
0, 0, 0, 0, 1, 0, 0, 0, 0, 0, 0, 0, 0, 1, 1, 0, 0, 1, 0, 0, 3.36, 5.17777777778, 3.36, 7.0, 3.0, 3.36, 3.36, 5.2, 3.36, 6.0, 4.8, 3.36, 3.36, 2,
0, 0, 0, 0, 1, 0, 1, 0, 0, 0, 0, 0, 0, 0, 0, 0, 0, 0, 0, 0, 6.3448568, 5.725, 6.3448568, 7.1, 3.7, 6.3448568, 6.3448568, 5.77777777778, 6.3448568, 7.1, 3.7, 0.344416153846, 3.34463647692, 4,
1, 0, 0, 0, 1, 0, 0, 0, 0, 0, 0, 0, 0, 0, 0, 0, 0, 1, 0, 0, 3.07466786364, 6.43142857143, 11.3683890714, 7.5, 4.4, 0.52399034, 3.69269276461, 4.175, 3.07466786364, 6.7, 1.0, 3.07466786364, 3.07466786364, 0,
0, 1, 0, 0, 0, 0, 0, 0, 0, 0, 0, 0, 0, 0, 0, 1, 0, 1, 0, 0, 6.016801832, 6.3875, 6.51864193846, 7.6, 3.0, 2.3042724, 4.34923084392, 6.78, 6.51864193846, 7.6, 5.5, 6.016801832, 6.18408186749, 0,
0, 0, 0, 1, 0, 0, 1, 0, 0, 0, 0, 0, 0, 0, 0, 0, 0, 0, 0, 0, 5.73417188889, 6.57777777778, 10.5, 7.5, 5.5, 3.02139195, 6.16719277972, 7.5, 5.73417188889, 7.5, 7.5, 5.73417188889, 5.73417188889, 0,
0, 0, 1, 0, 0, 0, 0, 1, 0, 0, 0, 0, 0, 0, 0, 0, 0, 0, 0, 0, 5.283586975, 6.6, 18.0017935357, 7.1, 5.8, 0.782700821429, 5.56397675615, 6.95, 15.09402212, 7.0, 6.9, 5.283586975, 10.1888045475, 0,
1, 0, 0, 0, 0, 0, 1, 0, 0, 0, 0, 0, 0, 0, 0, 1, 0, 1, 0, 0, 2.48818, 6.67142857143, 7.02732036667, 8.0, 5.1, 0.635136938776, 3.38354576848, 6.825, 7.02732036667, 7.0, 6.6, 0.635136938776, 3.38354576848, 1,
1, 0, 0, 0, 0, 0, 1, 0, 0, 0, 0, 1, 0, 0, 0, 0, 0, 1, 0, 0, 0.0, 5.66, 4.939562, 6.9, 4.8, 1.240694475, 3.0901282375, 5.5875, 4.76753336, 7.0, 4.1, 0.87204, 3.72677668, 1,
0, 0, 0, 1, 1, 0, 0, 0, 1, 0, 0, 0, 0, 0, 1, 0, 0, 0, 0, 0, 15.286235087, 5.85714285714, 15.286235087, 6.6, 4.8, 0.434102263158, 5.95218327336, 5.7, 15.286235087, 6.5, 3.5, 1.17280238, 8.22951873348, 0,
0, 1, 1, 1, 0, 0, 0, 1, 1, 0, 0, 0, 0, 0, 0, 0, 0, 0, 0, 0, 8.07348696667, 6.34285714286, 8.07348696667, 6.9, 5.9, 1.86511739111, 5.05772534861, 6.35, 8.07348696667, 6.9, 5.6, 4.56121737576, 6.25565424303, 0,
0, 0, 0, 1, 0, 0, 0, 0, 0, 0, 0, 0, 0, 0, 0, 1, 0, 0, 0, 0, 1.67927237885, 6.62, 45.9615384615, 7.4, 6.2, 0.845740777778, 15.0369386097, 6.59090909091, 45.9615384615, 7.4, 6.2, 0.845740777778, 13.0096246337, 1,
1, 1, 0, 0, 0, 0, 0, 0, 1, 0, 0, 0, 0, 0, 0, 1, 0, 0, 0, 0, 3.3, 6.11111111111, 8.0, 7.4, 5.0, 2.22344433077, 5.13081815483, 6.325, 3.3, 6.7, 5.5, 0.61325156, 1.50883437333, 2,
0, 1, 0, 0, 0, 0, 0, 0, 0, 0, 0, 0, 0, 0, 0, 1, 0, 1, 0, 0, 6.016801832, 6.375, 6.51864193846, 7.6, 3.0, 2.3042724, 4.34923084392, 6.76, 6.51864193846, 7.6, 5.5, 6.016801832, 6.18408186749, 0,
0, 0, 0, 1, 0, 0, 1, 0, 0, 0, 0, 0, 0, 0, 0, 0, 0, 0, 0, 0, 5.73417188889, 6.62, 10.5, 7.5, 5.5, 3.02139195, 6.16719277972, 7.5, 5.73417188889, 7.5, 7.5, 5.73417188889, 5.73417188889, 0,
0, 0, 1, 0, 0, 0, 0, 1, 0, 0, 0, 0, 0, 0, 0, 0, 0, 0, 0, 0, 5.283586975, 6.61666666667, 18.0017935357, 7.1, 5.8, 0.782700821429, 5.56397675615, 7.0, 15.09402212, 7.0, 7.0, 5.283586975, 10.1888045475, 0,
1, 0, 0, 0, 0, 0, 1, 0, 0, 0, 0, 0, 0, 0, 0, 1, 0, 1, 0, 0, 2.48818, 6.93333333333, 7.02732036667, 8.0, 6.3, 0.635136938776, 3.38354576848, 6.825, 7.02732036667, 7.0, 6.6, 0.635136938776, 3.38354576848, 1,
1, 0, 0, 0, 0, 0, 1, 0, 0, 0, 0, 1, 0, 0, 0, 0, 0, 1, 0, 0, 0.0, 5.66, 4.939562, 6.9, 4.8, 1.240694475, 3.0901282375, 5.56875, 4.76753336, 7.0, 4.1, 0.87204, 3.72677668, 1,
0, 0, 0, 1, 1, 0, 0, 0, 1, 0, 0, 0, 0, 0, 1, 0, 0, 0, 0, 0, 15.286235087, 5.82857142857, 15.286235087, 6.5, 4.8, 0.434102263158, 5.95218327336, 5.7, 15.286235087, 6.5, 3.5, 1.17280238, 8.22951873348, 0,
0, 1, 1, 1, 0, 0, 0, 1, 1, 0, 0, 0, 0, 0, 0, 0, 0, 0, 0, 0, 8.07348696667, 6.34285714286, 8.07348696667, 6.9, 5.9, 1.86511739111, 5.05772534861, 6.35, 8.07348696667, 6.9, 5.6, 4.56121737576, 6.25565424303, 0,
0, 0, 0, 1, 0, 0, 0, 0, 0, 0, 0, 0, 0, 0, 0, 1, 0, 0, 0, 0, 1.67927237885, 6.62, 45.9615384615, 7.4, 6.2, 0.845740777778, 15.0369386097, 6.59090909091, 45.9615384615, 7.4, 6.2, 0.845740777778, 13.0096246337, 1,
1, 1, 0, 0, 0, 0, 0, 0, 1, 0, 0, 0, 0, 0, 0, 1, 0, 0, 0, 0, 3.3, 6.11111111111, 8.0, 7.4, 5.0, 2.22344433077, 5.13081815483, 6.325, 3.3, 6.7, 5.5, 0.61325156, 1.50883437333, 2,
0, 0, 1, 0, 0, 0, 0, 1, 0, 0, 0, 0, 0, 0, 0, 0, 0, 0, 0, 0, 2.896177, 6.88333333333, 9.19814870213, 7.8, 6.0, 0.87182545, 3.42620578543, 7.05833333333, 12.0652912, 8.0, 6.0, 1.1365564, 5.37302536987, 1,
0, 0, 0, 0, 0, 0, 1, 0, 0, 0, 0, 0, 0, 0, 0, 0, 0, 0, 0, 0, 3.43064505714, 6.41481481481, 10.436070625, 7.7, 4.0, 0.372561, 3.53686406909, 6.01176470588, 3.43064505714, 8.0, 2.5, 0.102391288889, 1.33172751206, 0,
1, 0, 0, 0, 0, 0, 1, 0, 0, 0, 0, 0, 0, 0, 0, 0, 0, 0, 1, 0, 0.0, 6.45, 5.70109142857, 7.4, 5.5, 0.500243371429, 3.1158368125, 6.45555555556, 5.70109142857, 7.4, 5.5, 0.500243371429, 2.63791072141, 1,
0, 0, 0, 0, 0, 0, 1, 0, 0, 0, 0, 1, 0, 0, 0, 0, 0, 0, 0, 0, 2.75104653846, 5.2, 7.547323, 6.7, 4.2, 2.16243933333, 4.15360295726, 5.5375, 4.91074266667, 6.3, 4.5, 1.58155807692, 2.66787165641, 3,
0, 0, 0, 0, 0, 0, 1, 0, 0, 0, 0, 1, 0, 1, 0, 1, 0, 1, 0, 0, 0.0, 5.95652173913, 14.1930174, 7.3, 4.3, 0.11645068, 4.97905006714, 6.17368421053, 14.6047619048, 8.5, 5.1, 0.2435092375, 6.04524769502, 3,
1, 1, 0, 1, 0, 0, 0, 1, 1, 0, 0, 0, 0, 0, 0, 0, 0, 0, 0, 0, 5.2225531, 5.62307692308, 5.64249638889, 6.5, 2.8, 0.758620689655, 3.29754847553, 5.5125, 5.2225531, 6.5, 4.7, 1.15751125, 2.350460106, 2,
0, 0, 0, 0, 0, 0, 1, 0, 0, 0, 0, 0, 1, 0, 0, 0, 0, 0, 0, 0, 67.746624, 5.71, 67.746624, 6.9, 4.2, 1.00073237044, 16.32349408, 6.3, 67.746624, 7.6, 4.8, 0.59136675, 18.2986631862, 2,
1, 1, 0, 1, 0, 0, 0, 1, 1, 0, 0, 0, 0, 0, 0, 0, 0, 0, 0, 0, 1.61527634118, 6.09090909091, 6.68375476667, 7.0, 3.4, 0.38561811875, 3.67131867492, 6.43, 9.11415944, 7.2, 5.7, 1.0523432, 4.00197627474, 3,
1, 1, 0, 0, 0, 0, 0, 0, 0, 0, 0, 0, 0, 0, 0, 1, 0, 0, 0, 0, 4.17981587143, 6.3875, 51.460903, 7.3, 5.4, 0.989561553846, 9.61948462414, 5.23333333333, 4.17981587143, 7.1, 3.0, 0.492164536585, 2.33599020401, 0,
0, 1, 0, 0, 0, 0, 1, 0, 0, 0, 1, 0, 0, 0, 0, 0, 0, 1, 1, 0, 1.25, 5.33225806452, 1.5, 7.3, 1.5, 1.25, 1.375, 5.97142857143, 4.04194393333, 7.3, 3.5, 1.25, 2.64597196667, 1,
0, 0, 0, 1, 0, 0, 0, 0, 0, 0, 0, 0, 0, 0, 0, 0, 0, 0, 0, 0, 5.01127875, 6.975, 12.57237, 7.4, 6.3, 5.01127875, 8.791824375, 6.81666666667, 12.57237, 9.0, 4.3, 5.01127875, 8.791824375, 0,
0, 1, 0, 1, 0, 0, 0, 1, 1, 0, 0, 0, 0, 0, 0, 0, 0, 0, 0, 0, 3.16645842, 6.65, 11.7528264, 10.0, 5.6, 0.327080944444, 3.49582818414, 6.45833333333, 11.7457670526, 7.3, 5.3, 0.761085894737, 3.5247513924, 2,
1, 0, 0, 0, 0, 0, 0, 0, 0, 0, 0, 0, 0, 0, 0, 1, 0, 1, 0, 1, 1.07252960123, 6.26666666667, 6.90270413636, 7.2, 5.4, 0.961738583333, 2.97899077364, 6.4, 4.73139853333, 7.5, 5.2, 1.07252960123, 2.63737453246, 3,
0, 0, 0, 0, 1, 0, 1, 0, 0, 0, 0, 0, 0, 0, 0, 0, 0, 0, 0, 0, 6.535875, 6.71111111111, 6.535875, 8.7, 5.2, 0.125372285714, 3.55454285907, 6.32857142857, 6.535875, 7.2, 5.3, 1.30656163636, 3.30809992879, 0,
0, 0, 0, 1, 0, 0, 0, 0, 0, 0, 0, 0, 0, 0, 1, 0, 0, 0, 0, 0, 5.4999651, 5.58125, 5.4999651, 7.6, 1.8, 0.0837853, 1.642641984, 6.41666666667, 14.9982518, 7.3, 5.1, 0.6, 6.25148058727, 0,
1, 1, 1, 1, 0, 0, 0, 1, 0, 0, 0, 0, 0, 0, 0, 0, 0, 0, 0, 0, 3.9521542, 7.4, 3.9521542, 8.0, 6.8, 0.482, 2.2170771, 8.0, 3.9521542, 8.0, 8.0, 3.9521542, 3.9521542, 0,
0, 0, 0, 0, 0, 0, 0, 0, 0, 0, 0, 0, 0, 1, 0, 0, 0, 1, 0, 0, 6.065918808, 6.31363636364, 8.72766675, 7.9, 5.2, 0.958752342857, 3.57186594011, 6.31764705882, 6.065918808, 9.5, 4.5, 0.106022466667, 2.93553423388, 2,
0, 0, 0, 0, 0, 0, 0, 0, 0, 0, 0, 1, 0, 0, 0, 0, 0, 0, 0, 0, 14.1691738889, 5.95217391304, 14.1691738889, 7.6, 4.0, 0.373643615385, 4.11348306958, 5.745, 14.1691738889, 6.9, 4.0, 0.787044342105, 6.01925506174, 0,
0, 1, 0, 0, 0, 0, 0, 0, 0, 0, 0, 0, 0, 1, 0, 1, 0, 0, 0, 0, 3.10130878462, 6.52173913043, 9.53925463636, 7.8, 5.0, 0.153008489362, 2.40758665696, 7.03333333333, 3.10130878462, 8.0, 6.1, 3.10130878462, 3.10130878462, 2,
0, 0, 0, 0, 0, 0, 0, 0, 0, 0, 0, 1, 0, 1, 0, 0, 0, 1, 0, 0, 5.1947694375, 6.35555555556, 5.32829906, 7.1, 5.6, 0.350156509804, 2.99892703119, 5.96428571429, 5.76280510769, 7.6, 3.8, 1.16904761905, 3.58335984782, 2,
1, 1, 0, 0, 0, 0, 0, 0, 0, 0, 0, 0, 0, 0, 0, 1, 0, 0, 0, 0, 3.848267975, 5.725, 10.8929235733, 6.6, 3.8, 1.36911158, 3.97765194625, 5.61818181818, 10.8929235733, 6.6, 3.8, 2.53333333333, 4.54272973291, 2,
0, 0, 0, 1, 1, 0, 1, 0, 0, 0, 0, 0, 0, 0, 0, 0, 0, 0, 0, 0, 3.92000694, 6.62162162162, 16.2307692308, 8.1, 3.8, 0.879310344828, 3.66229923312, 6.96666666667, 3.92000694, 7.9, 6.3, 0.057279, 1.71278304667, 0,
0, 0, 0, 1, 0, 0, 1, 0, 0, 0, 0, 0, 0, 0, 0, 0, 0, 0, 0, 0, 0.72697568, 7.13333333333, 6.12329415, 7.6, 6.8, 0.72697568, 3.425134915, 6.70588235294, 42.4501386667, 7.9, 5.8, 0.72697568, 10.8354722844, 1,
0, 0, 0, 0, 0, 0, 1, 0, 0, 0, 1, 0, 0, 0, 0, 0, 0, 0, 0, 0, 3.53354040909, 6.34166666667, 3.53354040909, 7.5, 4.9, 2.30681818182, 2.92017929545, 5.6375, 3.53354040909, 6.9, 3.5, 0.206276775, 1.86990859205, 0,
1, 1, 0, 0, 0, 0, 0, 0, 0, 0, 0, 0, 0, 0, 0, 1, 0, 0, 0, 0, 2.57120297333, 7.06, 5.20191974, 8.0, 6.1, 2.45981708421, 3.22131830272, 6.35, 2.57120297333, 7.9, 4.5, 2.45981708421, 2.51551002877, 1,
0, 0, 0, 0, 1, 0, 0, 0, 0, 0, 0, 1, 0, 1, 0, 0, 0, 0, 0, 0, 12.3604759286, 5.95217391304, 14.1691738889, 7.6, 4.0, 0.373643615385, 4.11348306958, 6.07272727273, 12.3604759286, 6.8, 5.5, 0.551282885714, 5.11044946978, 0,
1, 0, 0, 0, 0, 0, 0, 0, 0, 0, 0, 1, 0, 0, 0, 1, 0, 1, 0, 0, 7.08433772973, 6.9, 12.2455, 10.0, 4.5, 1.28571568571, 6.42281272973, 6.97692307692, 12.2455, 10.0, 5.8, 1.28571568571, 7.08102597432, 0,
0, 1, 0, 1, 0, 0, 0, 0, 0, 0, 0, 0, 0, 0, 1, 0, 0, 0, 0, 0, 0.0, 5.9, 6.64105733333, 7.0, 4.7, 1.00394051667, 3.31913881226, 6.034375, 45.875171, 8.5, 3.3, 0.270819352941, 8.03321526239, 1,
1, 0, 0, 1, 1, 0, 0, 0, 0, 0, 0, 0, 0, 0, 0, 0, 0, 0, 0, 0, 3.77958308696, 6.04, 23.8438682857, 7.2, 4.1, 0.35, 6.46755841744, 6.19, 23.8438682857, 7.2, 4.7, 0.35, 5.97832623248, 0,
0, 0, 1, 0, 0, 0, 0, 1, 0, 0, 0, 0, 0, 0, 0, 0, 0, 0, 0, 0, 17.5164839111, 6.7, 17.5164839111, 8.0, 5.9, 2.32128267059, 9.91888329085, 6.81428571429, 17.5164839111, 7.4, 6.1, 4.21339098889, 10.4878081425, 0,
0, 0, 0, 0, 0, 0, 1, 0, 0, 0, 0, 0, 0, 0, 0, 0, 0, 0, 0, 0, 6.23417815789, 6.44242424242, 6.23417815789, 9.0, 4.0, 1.38918094444, 3.8688195599, 5.87, 6.23417815789, 7.2, 4.5, 6.23417815789, 6.23417815789, 0,
0, 0, 0, 0, 0, 0, 1, 0, 0, 0, 0, 0, 0, 0, 1, 0, 0, 0, 0, 0, 25.1940362667, 6.57058823529, 25.1940362667, 10.0, 1.5, 0.64035606, 7.02310918979, 6.15, 73.6714634286, 7.6, 2.2, 1.98294, 26.8417704084, 0,
1, 1, 0, 0, 0, 0, 0, 0, 0, 0, 0, 0, 0, 0, 0, 1, 0, 0, 0, 0, 3.13800717808, 6.64242424242, 75.5152908571, 7.8, 4.8, 1.86227015714, 12.0526278784, 6.17368421053, 14.6047619048, 8.5, 5.1, 0.2435092375, 6.04524769502, 2,
0, 0, 1, 1, 0, 0, 0, 1, 0, 0, 0, 0, 0, 0, 0, 0, 0, 0, 0, 0, 12.0652912, 6.585, 12.0652912, 7.4, 5.9, 2.79926198, 5.42635833489, 6.90769230769, 12.0652912, 7.9, 5.6, 1.5e-05, 3.74697611122, 0,
0, 0, 0, 1, 0, 0, 0, 0, 0, 0, 0, 0, 0, 0, 1, 0, 0, 0, 0, 0, 21.4075458182, 5.61111111111, 21.4075458182, 6.4, 4.5, 0.430236882353, 5.30182058132, 6.0, 21.4075458182, 6.3, 5.9, 4.20816732727, 9.9751561647, 2,
1, 1, 0, 0, 0, 0, 0, 0, 0, 0, 0, 0, 0, 0, 0, 1, 0, 1, 0, 0, 6.18529411765, 5.85652173913, 13.2456195, 8.0, 2.3, 0.334898475, 7.87789478632, 6.44, 13.2456195, 7.7, 5.5, 6.18529411765, 9.71545680882, 2,
0, 0, 0, 1, 0, 0, 1, 1, 1, 0, 0, 0, 0, 0, 0, 0, 0, 0, 0, 0, 8.47116366667, 5.95, 8.47116366667, 6.0, 5.9, 8.47116366667, 8.47116366667, 6.2, 8.47116366667, 6.4, 6.0, 2.29047651111, 5.38082008889, 2,
0, 1, 0, 0, 0, 0, 0, 1, 1, 0, 0, 0, 0, 0, 0, 0, 0, 0, 0, 0, 7.8118044, 6.19333333333, 19.9439822778, 7.3, 4.7, 0.7917655, 8.32672370645, 6.725, 10.622542576, 7.4, 5.3, 3.735836788, 6.63215877444, 0,
1, 1, 0, 0, 1, 0, 0, 0, 0, 0, 0, 0, 0, 0, 0, 0, 0, 0, 0, 0, 0.816941747126, 6.1875, 6.0, 7.6, 5.0, 0.0610124144969, 1.99609924638, 6.56, 5.82254087778, 9.0, 5.0, 0.816941747126, 2.84581548041, 3,
1, 0, 0, 1, 0, 0, 0, 1, 1, 0, 0, 0, 0, 0, 0, 1, 0, 0, 0, 0, 9.84041556667, 5.7875, 14.44, 7.0, 4.3, 1.8e-06, 6.84216900351, 6.15, 9.84041556667, 7.1, 5.0, 0.211994825, 5.96725974547, 0,
0, 1, 0, 1, 0, 0, 0, 1, 1, 0, 0, 0, 0, 0, 0, 0, 0, 0, 0, 0, 2.75137229921, 5.62307692308, 5.64249638889, 6.5, 2.8, 0.758620689655, 3.29754847553, 6.55, 2.75137229921, 6.8, 6.3, 2.75137229921, 2.75137229921, 3,
0, 0, 0, 0, 0, 0, 0, 1, 1, 0, 0, 0, 0, 0, 0, 0, 0, 0, 0, 0, 0.50886459375, 4.97142857143, 2.26004577778, 6.5, 2.2, 0.50886459375, 1.21607357212, 5.56, 0.50886459375, 6.3, 4.8, 0.50886459375, 0.50886459375, 3,
1, 0, 0, 0, 0, 0, 0, 0, 0, 0, 0, 0, 0, 1, 0, 1, 0, 1, 0, 0, 4.90924073529, 6.76666666667, 4.90924073529, 8.0, 5.3, 4.90924073529, 4.90924073529, 7.0, 4.90924073529, 7.0, 7.0, 4.90924073529, 4.90924073529, 0,
1, 1, 0, 0, 0, 0, 0, 0, 0, 0, 0, 0, 0, 0, 0, 0, 0, 1, 0, 0, 0.806666666667, 6.37, 12.300416, 8.1, 4.8, 0.768131777778, 3.28035978608, 6.54, 12.300416, 8.1, 4.8, 0.768131777778, 3.61999863123, 1,
1, 1, 0, 0, 0, 0, 0, 0, 0, 0, 0, 0, 0, 0, 0, 1, 0, 0, 0, 0, 8.03754398261, 6.8, 148.005148005, 10.0, 5.0, 0.5, 34.7290883801, 6.616, 148.005148005, 10.0, 4.1, 3.13642213642, 25.2122442264, 2,
1, 1, 0, 0, 0, 0, 0, 0, 0, 0, 0, 0, 0, 0, 0, 0, 0, 1, 0, 0, 2.65233341333, 7.06, 5.20191974, 8.0, 6.1, 2.45981708421, 3.22131830272, 5.52, 5.7212044875, 6.3, 3.5, 2.65233341333, 4.24821424694, 3,
1, 1, 0, 0, 0, 0, 1, 0, 0, 0, 0, 0, 0, 0, 0, 0, 0, 1, 1, 0, 6.82728254545, 5.5125, 6.82728254545, 7.0, 2.5, 0.0478786666667, 3.04512127071, 6.05714285714, 106.577406364, 7.0, 4.8, 0.6423032, 10.6983382023, 2,
1, 1, 0, 0, 0, 0, 0, 0, 0, 0, 0, 0, 0, 0, 0, 0, 0, 1, 0, 0, 5.7212044875, 5.92083333333, 5.7212044875, 7.6, 2.0, 0.1564204, 1.59645489242, 5.52, 5.7212044875, 6.3, 3.5, 2.65233341333, 4.24821424694, 2,
0, 1, 0, 0, 0, 0, 0, 0, 0, 0, 0, 0, 0, 1, 0, 1, 0, 0, 0, 0, 3.97142857143, 5.69655172414, 19.9041812195, 7.5, 2.3, 1.1398613125, 5.63069678121, 6.1, 3.97142857143, 6.1, 6.1, 3.97142857143, 3.97142857143, 2,
1, 0, 0, 0, 0, 0, 0, 0, 1, 0, 0, 0, 0, 0, 0, 0, 0, 1, 0, 0, 1.26665524, 5.95555555556, 16.8201573, 7.2, 4.9, 0.563802253333, 4.32802519443, 5.86666666667, 16.8201573, 7.2, 4.9, 0.563802253333, 3.70936165487, 1,
0, 0, 0, 0, 0, 0, 1, 0, 0, 0, 0, 0, 0, 0, 0, 0, 0, 0, 0, 0, 4.54545454545, 8.6, 4.54545454545, 8.6, 8.6, 4.54545454545, 4.54545454545, 6.925, 4.54545454545, 8.6, 4.6, 3.0358604, 4.04225649697, 0,
0, 0, 0, 0, 0, 0, 1, 0, 0, 0, 0, 1, 0, 1, 0, 0, 0, 1, 0, 0, 1.2008642, 6.51875, 84.0, 8.0, 5.6, 0.579764375, 10.8861406158, 5.94285714286, 24.475416, 7.0, 2.0, 1.2008642, 16.7172320667, 1,
0, 0, 0, 1, 0, 0, 0, 0, 0, 0, 0, 0, 0, 0, 0, 1, 0, 0, 0, 0, 0.0, 6.6, 12.57237, 10.0, 5.0, 0.577312162162, 4.62127170177, 6.54375, 12.57237, 7.4, 4.3, 0.577312162162, 4.98185756225, 1,
0, 0, 0, 0, 1, 0, 0, 0, 0, 0, 0, 0, 0, 0, 0, 0, 0, 1, 0, 0, 12.2175058333, 6.81538461538, 26.74109525, 7.8, 4.5, 0.373699955224, 6.46312264986, 6.75, 26.74109525, 7.8, 4.5, 0.0215739130435, 5.55178720259, 0,
0, 0, 0, 1, 0, 0, 1, 0, 0, 0, 0, 0, 0, 0, 0, 0, 0, 0, 0, 0, 45.875171, 6.5625, 45.875171, 7.4, 5.6, 45.875171, 45.875171, 6.034375, 45.875171, 8.5, 3.3, 0.270819352941, 8.03321526239, 0,
0, 0, 0, 0, 0, 0, 1, 0, 0, 0, 1, 0, 0, 0, 0, 0, 0, 0, 0, 0, 0.0, 6.79230769231, 28.9152, 10.0, 4.3, 0.08300336, 6.49536398033, 5.76, 2.0, 7.0, 4.0, 0.08300336, 1.04150168, 1,
1, 0, 1, 1, 0, 0, 0, 1, 0, 0, 0, 0, 0, 0, 0, 0, 0, 0, 0, 0, 4.89700025333, 6.46666666667, 4.89700025333, 7.0, 5.7, 0.534764852632, 2.71588255298, 5.75, 4.89700025333, 5.8, 5.7, 2.1800564, 3.53852832667, 2,
0, 0, 0, 0, 0, 0, 0, 0, 0, 0, 0, 1, 0, 0, 0, 0, 0, 0, 0, 0, 84.0, 6.51875, 84.0, 8.0, 5.6, 0.579764375, 10.8861406158, 6.51111111111, 84.0, 7.5, 5.6, 1.64529, 18.95663819, 0,
0, 0, 0, 0, 0, 0, 1, 0, 0, 0, 0, 0, 0, 0, 1, 0, 0, 0, 0, 0, 10.1585352414, 6.5, 11.315408, 7.1, 5.9, 0.381184630769, 6.30986683947, 6.43333333333, 11.315408, 7.1, 5.9, 0.381184630769, 5.12413039773, 2,
0, 0, 0, 0, 0, 0, 1, 0, 0, 0, 0, 0, 0, 0, 0, 1, 0, 1, 0, 0, 5.2359225, 6.8, 5.2359225, 8.0, 6.2, 3.30422543125, 4.27007396563, 7.0, 5.2359225, 8.0, 6.5, 5.2359225, 5.2359225, 0,
0, 0, 0, 1, 1, 0, 0, 0, 0, 0, 0, 0, 0, 0, 0, 0, 0, 0, 0, 0, 1.84927753333, 6.94444444444, 8.65885357143, 7.7, 5.6, 0.362886357143, 3.58630255647, 6.84166666667, 8.65885357143, 9.7, 4.0, 0.362886357143, 3.53690780559, 1,
0, 0, 0, 0, 1, 0, 0, 0, 0, 0, 0, 0, 0, 0, 0, 0, 0, 1, 0, 0, 26.74109525, 6.81538461538, 26.74109525, 7.8, 4.5, 0.373699955224, 6.46312264986, 6.75, 26.74109525, 7.8, 4.5, 0.0215739130435, 5.55178720259, 0,
1, 1, 0, 0, 0, 0, 0, 0, 0, 0, 0, 0, 0, 0, 0, 0, 0, 1, 0, 0, 4.79112675862, 6.92857142857, 6.863501, 7.4, 6.5, 0.330847214286, 4.03590677323, 6.32, 5.20191974, 8.0, 5.7, 1.59316686957, 3.55963669538, 0,
1, 0, 0, 0, 0, 0, 0, 0, 1, 0, 0, 0, 0, 0, 0, 0, 0, 1, 0, 0, 2.45390805556, 6.32, 2.45390805556, 7.4, 5.6, 0.188393925, 1.25466800043, 6.08, 7.35741877778, 7.6, 3.2, 0.5, 2.18887596607, 1,
1, 1, 0, 0, 0, 0, 0, 0, 1, 0, 0, 0, 0, 0, 0, 0, 0, 0, 0, 0, 4.068014272, 6.89375, 11.9030742447, 9.0, 5.0, 0.0808743333333, 4.5506583726, 7.05, 11.9030742447, 7.7, 6.3, 0.0808743333333, 4.5506583726, 0,
1, 0, 0, 0, 0, 0, 1, 0, 0, 0, 0, 0, 0, 1, 0, 0, 0, 1, 0, 0, 3.24958671429, 6.4875, 5.08573973333, 7.8, 3.0, 0.94882889, 2.67161894631, 6.81428571429, 3.56723706667, 7.1, 5.8, 2.34666666667, 3.25959291619, 0,
0, 0, 1, 0, 0, 0, 0, 1, 0, 0, 0, 0, 0, 0, 0, 0, 0, 0, 0, 0, 5.88748492857, 6.61666666667, 18.0017935357, 7.1, 5.8, 0.782700821429, 5.56397675615, 6.6, 5.88748492857, 6.6, 6.6, 5.88748492857, 5.88748492857, 0,
0, 0, 0, 0, 1, 0, 1, 0, 0, 0, 0, 0, 1, 0, 1, 0, 0, 0, 0, 0, 9.51623725, 5.9, 9.51623725, 6.6, 5.0, 1.0325, 5.95661158958, 6.2, 9.51623725, 7.1, 5.2, 3.31530188571, 6.65550874868, 0,
0, 0, 0, 0, 0, 0, 1, 0, 0, 0, 0, 0, 0, 0, 0, 1, 0, 1, 0, 0, 6.82278766667, 6.8625, 6.82278766667, 7.6, 6.0, 0.373643615385, 3.54809349192, 6.78, 6.82278766667, 7.6, 6.0, 0.920523039474, 3.87165535307, 0,
0, 0, 0, 0, 0, 0, 0, 0, 0, 0, 0, 1, 0, 1, 0, 0, 0, 1, 0, 0, 6.75, 6.45, 6.75, 6.9, 6.0, 6.75, 6.75, 6.45, 6.75, 6.9, 6.0, 6.75, 6.75, 0,
1, 1, 0, 0, 0, 0, 0, 0, 0, 0, 0, 0, 0, 0, 0, 1, 0, 1, 0, 0, 0.996652923077, 7.51666666667, 6.90270413636, 8.0, 7.1, 1.5e-05, 2.85604419086, 6.90769230769, 12.0652912, 7.9, 5.6, 1.5e-05, 3.74697611122, 1,
1, 0, 0, 1, 1, 0, 1, 0, 0, 0, 0, 0, 0, 0, 0, 0, 0, 1, 0, 0, 78.868508, 5.96111111111, 78.868508, 7.2, 3.3, 0.164444444444, 9.87912420432, 6.25, 78.868508, 6.3, 6.2, 4.039973, 41.4542405, 2,
0, 1, 1, 1, 0, 0, 0, 1, 0, 0, 0, 0, 0, 0, 0, 0, 0, 0, 0, 0, 13.91881425, 6.46428571429, 59.3465575, 8.0, 4.1, 2.1370978, 31.7158431375, 6.45833333333, 59.3465575, 8.0, 4.0, 2.48333333333, 31.8024020208, 0,
0, 0, 0, 1, 0, 0, 0, 0, 0, 0, 0, 0, 0, 0, 0, 0, 0, 0, 0, 0, 4.24592525, 5.65833333333, 16.0819413478, 6.4, 4.8, 0.181292146667, 3.43565250208, 6.12857142857, 7.29713835135, 6.9, 5.8, 0.987154526316, 2.93601935102, 2,
1, 1, 0, 0, 0, 0, 0, 0, 0, 0, 0, 0, 0, 0, 0, 0, 0, 1, 0, 0, 0.0, 5.79230769231, 17.5499818928, 7.5, 3.8, 3.4e-06, 4.87087480445, 5.81428571429, 2.771044875, 6.4, 5.3, 0.178068696552, 1.91497305851, 3,
1, 1, 0, 1, 1, 0, 0, 0, 0, 0, 0, 0, 0, 0, 0, 0, 0, 1, 0, 0, 2.87071244565, 5.81666666667, 2.87071244565, 6.4, 5.4, 0.669928676923, 1.88930109023, 6.27, 4.37717261538, 7.2, 5.4, 1.63684766, 2.62329587043, 3,
1, 0, 0, 0, 1, 0, 1, 0, 0, 0, 0, 0, 0, 0, 0, 0, 0, 0, 0, 0, 2.49479115333, 7.36, 5.159375, 8.4, 6.6, 1.45652173913, 3.58535001816, 6.26153846154, 11.7528264, 7.9, 4.4, 0.82102379, 5.35750646833, 1,
1, 0, 0, 0, 0, 0, 0, 0, 0, 0, 0, 0, 0, 0, 0, 0, 0, 1, 0, 0, 9.79800333333, 6.7, 9.79800333333, 7.0, 6.4, 9.79800333333, 9.79800333333, 6.4, 9.79800333333, 6.4, 6.4, 9.79800333333, 9.79800333333, 2,
0, 1, 0, 0, 0, 0, 0, 1, 1, 0, 0, 0, 0, 0, 0, 0, 0, 0, 0, 0, 8.76688482, 6.19333333333, 19.9439822778, 7.3, 4.7, 0.7917655, 8.32672370645, 6.725, 10.622542576, 7.4, 5.3, 3.735836788, 6.63215877444, 0,
1, 1, 0, 0, 0, 0, 1, 0, 0, 0, 0, 0, 0, 0, 0, 0, 0, 0, 0, 0, 4.44311094175, 6.52173913043, 9.53925463636, 7.8, 5.0, 0.153008489362, 2.40758665696, 6.5, 4.44311094175, 7.4, 5.9, 1.69639880833, 2.73168843521, 0,
1, 1, 0, 0, 0, 0, 0, 0, 0, 0, 0, 0, 0, 0, 0, 0, 0, 1, 0, 0, 4.46750161333, 6.32727272727, 7.44247494737, 6.8, 6.1, 1.16904761905, 3.92325871255, 6.025, 4.46750161333, 7.0, 4.5, 2.54059368571, 3.50404764952, 0,
0, 0, 0, 0, 1, 0, 1, 0, 0, 0, 0, 0, 0, 0, 0, 0, 0, 0, 0, 0, 3.65714161538, 6.03076923077, 40.8444018333, 8.1, 3.0, 0.00754806666667, 4.78626584357, 6.7125, 40.8444018333, 8.1, 4.5, 0.206276775, 9.29158932871, 0,
0, 0, 0, 0, 0, 0, 1, 0, 0, 0, 0, 0, 0, 1, 0, 0, 0, 1, 0, 0, 25.2156716154, 6.72857142857, 53.6858666667, 7.5, 5.7, 0.437282571429, 15.2221387822, 6.75, 25.2156716154, 6.8, 6.7, 25.2156716154, 25.2156716154, 0,
0, 0, 0, 0, 0, 0, 1, 0, 0, 0, 0, 0, 0, 1, 0, 0, 0, 0, 0, 0, 7.94917076923, 6.2, 14.3548906316, 7.8, 3.3, 1.20132455, 5.9606326635, 6.44, 7.94917076923, 7.3, 5.1, 7.94917076923, 7.94917076923, 0,
0, 0, 0, 0, 1, 0, 0, 0, 0, 0, 0, 0, 0, 1, 0, 0, 0, 1, 0, 0, 9.91854118182, 7.29, 15.6786494286, 8.1, 6.3, 1.30439867692, 5.77864159443, 5.9, 9.91854118182, 7.7, 4.0, 2.415467475, 4.6686675642, 0,
1, 1, 0, 0, 0, 0, 0, 0, 1, 0, 0, 0, 0, 0, 0, 0, 0, 0, 0, 0, 4.086732, 6.5, 6.81726071111, 8.0, 5.2, 0.6728189375, 3.5487199636, 6.26315789474, 18.0017935357, 7.1, 4.8, 0.350156509804, 4.64009707268, 2,
1, 0, 0, 1, 1, 0, 1, 0, 0, 0, 0, 0, 0, 0, 0, 0, 0, 1, 0, 0, 1.78297852703, 5.59, 2.524, 8.2, 2.2, 0.0055089, 1.43749580901, 6.7, 1.78297852703, 6.7, 6.7, 1.78297852703, 1.78297852703, 1,
0, 0, 0, 0, 1, 0, 0, 0, 0, 0, 0, 0, 0, 0, 0, 0, 0, 1, 0, 0, 5.30255470588, 6.0, 23.8887958571, 6.9, 4.0, 0.3193102, 3.82932074097, 6.475, 5.30255470588, 6.9, 6.3, 2.77777777778, 3.79266925213, 0,
0, 0, 0, 0, 0, 0, 0, 0, 0, 0, 0, 0, 0, 1, 0, 1, 0, 1, 0, 0, 5.72338983051, 6.6, 12.57237, 10.0, 5.0, 0.577312162162, 4.62127170177, 6.82727272727, 11.3683890714, 8.0, 5.1, 0.19423844, 6.44932276109, 0,
0, 0, 0, 0, 0, 0, 1, 0, 0, 0, 0, 0, 0, 0, 0, 0, 0, 0, 0, 0, 2.85586566667, 6.13125, 106.577406364, 7.5, 3.0, 0.59136675, 22.7530969981, 6.05714285714, 106.577406364, 7.0, 4.8, 0.6423032, 10.6983382023, 3,
0, 0, 0, 0, 0, 0, 1, 0, 0, 0, 0, 0, 0, 0, 0, 0, 0, 0, 0, 0, 0.452238977778, 5.75625, 7.45066583333, 7.0, 3.9, 0.452238977778, 2.66741828985, 5.87692307692, 12.9233677143, 6.8, 4.9, 0.1970322, 3.60494071228, 3,
0, 0, 0, 0, 1, 0, 1, 0, 0, 0, 0, 0, 0, 0, 0, 0, 0, 1, 0, 0, 3.89026133333, 6.81666666667, 3.89026133333, 9.0, 5.3, 1.01378257949, 2.32681987615, 6.47142857143, 3.89026133333, 7.8, 5.5, 1.01378257949, 2.67850328159, 0,
1, 1, 0, 0, 0, 0, 0, 0, 1, 0, 0, 0, 0, 0, 0, 0, 0, 0, 0, 0, 3.20333333333, 6.35555555556, 5.32829906, 7.1, 5.6, 0.350156509804, 2.99892703119, 6.26315789474, 18.0017935357, 7.1, 4.8, 0.350156509804, 4.64009707268, 0,
0, 1, 0, 0, 0, 0, 0, 1, 1, 0, 0, 0, 0, 1, 0, 0, 0, 0, 0, 0, 6.25475158667, 6.27777777778, 10.622542576, 7.4, 3.8, 3.735836788, 6.10758860567, 6.725, 10.622542576, 7.4, 5.3, 3.735836788, 6.63215877444, 0,
1, 0, 0, 0, 0, 0, 0, 0, 0, 0, 0, 0, 0, 0, 0, 0, 0, 1, 0, 0, 3.48664967273, 6.15, 4.35038440909, 6.4, 5.7, 1.590416592, 2.91356667345, 6.24545454545, 4.16588235294, 7.5, 5.4, 0.70965192, 2.65877087387, 2,
0, 0, 0, 1, 0, 0, 1, 0, 0, 0, 0, 0, 0, 0, 1, 0, 0, 0, 0, 0, 12.3262799818, 6.60588235294, 20.0584085263, 7.8, 5.5, 1.464415125, 5.55031120486, 7.8, 12.3262799818, 7.8, 7.8, 12.3262799818, 12.3262799818, 0,
0, 0, 0, 0, 1, 0, 1, 0, 0, 0, 0, 0, 0, 0, 0, 0, 0, 0, 0, 0, 3.65714161538, 6.03076923077, 40.8444018333, 8.1, 3.0, 0.00754806666667, 4.78626584357, 6.7125, 40.8444018333, 8.1, 4.5, 0.206276775, 9.29158932871, 0,
0, 0, 0, 0, 0, 0, 1, 0, 0, 0, 0, 0, 0, 1, 0, 0, 0, 1, 0, 0, 25.2156716154, 6.72857142857, 53.6858666667, 7.5, 5.7, 0.437282571429, 15.2221387822, 6.75, 25.2156716154, 6.8, 6.7, 25.2156716154, 25.2156716154, 0,
0, 0, 0, 0, 0, 0, 1, 0, 0, 0, 0, 0, 0, 1, 0, 0, 0, 0, 0, 0, 7.94917076923, 6.2, 14.3548906316, 7.8, 3.3, 1.20132455, 5.9606326635, 6.44, 7.94917076923, 7.3, 5.1, 7.94917076923, 7.94917076923, 0,
0, 0, 0, 0, 1, 0, 0, 0, 0, 0, 0, 0, 0, 1, 0, 0, 0, 1, 0, 0, 9.91854118182, 7.29, 15.6786494286, 8.1, 6.3, 1.30439867692, 5.77864159443, 5.9, 9.91854118182, 7.7, 4.0, 2.415467475, 4.6686675642, 0,
1, 1, 0, 0, 0, 0, 0, 0, 1, 0, 0, 0, 0, 0, 0, 0, 0, 0, 0, 0, 4.086732, 6.5, 6.81726071111, 8.0, 5.2, 0.6728189375, 3.5487199636, 6.26315789474, 18.0017935357, 7.1, 4.8, 0.350156509804, 4.64009707268, 2,
1, 0, 0, 1, 1, 0, 1, 0, 0, 0, 0, 0, 0, 0, 0, 0, 0, 1, 0, 0, 1.78297852703, 5.59, 2.524, 8.2, 2.2, 0.0055089, 1.43749580901, 6.7, 1.78297852703, 6.7, 6.7, 1.78297852703, 1.78297852703, 1,
0, 0, 0, 0, 1, 0, 0, 0, 0, 0, 0, 0, 0, 0, 0, 0, 0, 1, 0, 0, 5.30255470588, 6.0, 23.8887958571, 6.9, 4.0, 0.3193102, 3.82932074097, 6.475, 5.30255470588, 6.9, 6.3, 2.77777777778, 3.79266925213, 0,
0, 0, 0, 0, 0, 0, 0, 0, 0, 0, 0, 0, 0, 1, 0, 1, 0, 1, 0, 0, 5.72338983051, 6.6, 12.57237, 10.0, 5.0, 0.577312162162, 4.62127170177, 6.82727272727, 11.3683890714, 8.0, 5.1, 0.19423844, 6.44932276109, 0,
0, 0, 0, 0, 0, 0, 1, 0, 0, 0, 0, 0, 0, 0, 0, 0, 0, 0, 0, 0, 2.85586566667, 6.13125, 106.577406364, 7.5, 3.0, 0.59136675, 22.7530969981, 6.05714285714, 106.577406364, 7.0, 4.8, 0.6423032, 10.6983382023, 3,
0, 0, 0, 0, 0, 0, 1, 0, 0, 0, 0, 0, 0, 0, 0, 0, 0, 0, 0, 0, 0.452238977778, 5.75625, 7.45066583333, 7.0, 3.9, 0.452238977778, 2.66741828985, 5.87692307692, 12.9233677143, 6.8, 4.9, 0.1970322, 3.60494071228, 3,
0, 0, 0, 0, 1, 0, 1, 0, 0, 0, 0, 0, 0, 0, 0, 0, 0, 1, 0, 0, 3.89026133333, 6.81666666667, 3.89026133333, 9.0, 5.3, 1.01378257949, 2.32681987615, 6.47142857143, 3.89026133333, 7.8, 5.5, 1.01378257949, 2.67850328159, 0,
1, 1, 0, 0, 0, 0, 0, 0, 1, 0, 0, 0, 0, 0, 0, 0, 0, 0, 0, 0, 3.20333333333, 6.35555555556, 5.32829906, 7.1, 5.6, 0.350156509804, 2.99892703119, 6.26315789474, 18.0017935357, 7.1, 4.8, 0.350156509804, 4.64009707268, 0,
0, 1, 0, 0, 0, 0, 0, 1, 1, 0, 0, 0, 0, 1, 0, 0, 0, 0, 0, 0, 6.25475158667, 6.27777777778, 10.622542576, 7.4, 3.8, 3.735836788, 6.10758860567, 6.725, 10.622542576, 7.4, 5.3, 3.735836788, 6.63215877444, 0,
1, 0, 0, 0, 0, 0, 0, 0, 0, 0, 0, 0, 0, 0, 0, 0, 0, 1, 0, 0, 3.48664967273, 6.15, 4.35038440909, 6.4, 5.7, 1.590416592, 2.91356667345, 6.24545454545, 4.16588235294, 7.5, 5.4, 0.70965192, 2.65877087387, 2,
0, 0, 0, 1, 0, 0, 1, 0, 0, 0, 0, 0, 0, 0, 1, 0, 0, 0, 0, 0, 12.3262799818, 6.60588235294, 20.0584085263, 7.8, 5.5, 1.464415125, 5.55031120486, 7.8, 12.3262799818, 7.8, 7.8, 12.3262799818, 12.3262799818, 0,
0, 1, 0, 0, 0, 0, 0, 1, 1, 0, 0, 0, 0, 1, 0, 0, 0, 0, 0, 0, 6.25475158667, 6.27777777778, 10.622542576, 7.4, 3.8, 3.735836788, 6.10758860567, 6.725, 10.622542576, 7.4, 5.3, 3.735836788, 6.63215877444, 0,
1, 0, 0, 0, 0, 0, 0, 0, 0, 0, 0, 0, 0, 0, 0, 0, 0, 1, 0, 0, 3.48664967273, 6.15, 4.35038440909, 6.4, 5.7, 1.590416592, 2.91356667345, 6.24545454545, 4.16588235294, 7.5, 5.4, 0.70965192, 2.65877087387, 2,
0, 0, 0, 1, 0, 0, 1, 0, 0, 0, 0, 0, 0, 0, 1, 0, 0, 0, 0, 0, 12.3262799818, 6.60588235294, 20.0584085263, 7.8, 5.5, 1.464415125, 5.55031120486, 7.8, 12.3262799818, 7.8, 7.8, 12.3262799818, 12.3262799818, 0,
0, 1, 0, 0, 0, 0, 0, 1, 1, 0, 0, 0, 0, 1, 0, 0, 0, 0, 0, 0, 6.25475158667, 6.27777777778, 10.622542576, 7.4, 3.8, 3.735836788, 6.10758860567, 6.725, 10.622542576, 7.4, 5.3, 3.735836788, 6.63215877444, 0,
1, 0, 0, 0, 0, 0, 0, 0, 0, 0, 0, 0, 0, 0, 0, 0, 0, 1, 0, 0, 3.48664967273, 6.15, 4.35038440909, 6.4, 5.7, 1.590416592, 2.91356667345, 6.24545454545, 4.16588235294, 7.5, 5.4, 0.70965192, 2.65877087387, 2,
0, 0, 0, 1, 0, 0, 1, 0, 0, 0, 0, 0, 0, 0, 1, 0, 0, 0, 0, 0, 12.3262799818, 6.60588235294, 20.0584085263, 7.8, 5.5, 1.464415125, 5.55031120486, 7.8, 12.3262799818, 7.8, 7.8, 12.3262799818, 12.3262799818, 0,
0, 0, 0, 0, 0, 0, 1, 0, 0, 0, 1, 0, 0, 0, 0, 0, 0, 1, 1, 0, 2.67034666667, 6.81666666667, 3.89026133333, 9.0, 5.3, 1.01378257949, 2.32681987615, 6.47142857143, 3.89026133333, 7.8, 5.5, 1.01378257949, 2.67850328159, 1,
0, 0, 0, 0, 0, 0, 1, 0, 0, 0, 0, 0, 0, 0, 0, 0, 0, 0, 0, 0, 1.60085322222, 7.29, 15.6786494286, 8.1, 6.3, 1.30439867692, 5.77864159443, 6.8, 2.61448454118, 7.8, 5.8, 1.60085322222, 2.1076688817, 1,
1, 0, 0, 0, 1, 0, 1, 0, 0, 0, 0, 0, 0, 1, 0, 0, 0, 1, 0, 0, 1.56880321311, 6.55, 3.49692250909, 9.0, 4.0, 0.6401643, 1.87424853167, 6.4, 2.03889002143, 6.9, 5.4, 0.4182996125, 1.33293825765, 1,
1, 0, 0, 0, 0, 0, 1, 0, 0, 0, 0, 0, 0, 0, 1, 0, 0, 0, 0, 0, 9.22517094, 6.9, 12.2455, 10.0, 4.5, 1.28571568571, 6.42281272973, 6.97692307692, 12.2455, 10.0, 5.8, 1.28571568571, 7.08102597432, 0,
1, 1, 0, 0, 0, 0, 0, 0, 1, 0, 0, 0, 0, 0, 0, 0, 0, 0, 0, 0, 9.36955230108, 6.89375, 11.9030742447, 9.0, 5.0, 0.0808743333333, 4.5506583726, 7.225, 11.9030742447, 7.7, 6.0, 3.820479152, 7.36334617815, 0,
0, 0, 0, 0, 0, 0, 0, 0, 1, 0, 0, 1, 0, 0, 0, 0, 0, 1, 0, 0, 0.849349666667, 6.4, 4.38201189474, 7.4, 5.6, 0.849349666667, 2.17049537155, 5.86666666667, 15.18943175, 7.2, 3.8, 0.333333333333, 4.39752913389, 3,
1, 1, 0, 0, 0, 0, 1, 0, 1, 0, 0, 0, 0, 0, 0, 0, 0, 0, 0, 0, 2.53333333333, 5.725, 10.8929235733, 6.6, 3.8, 1.36911158, 3.97765194625, 5.45, 3.848267975, 5.6, 5.3, 2.53333333333, 3.19080065417, 3,
1, 0, 0, 0, 0, 0, 0, 0, 0, 0, 0, 0, 0, 0, 0, 1, 0, 1, 0, 0, 1.63200908571, 6.15384615385, 4.32324427083, 10.0, 5.0, 1.569276475, 2.27278908604, 5.72857142857, 5.45753044444, 7.0, 5.0, 0.676384611111, 1.88129754227, 3,
1, 0, 0, 0, 0, 0, 0, 0, 1, 0, 0, 1, 0, 0, 0, 0, 0, 0, 0, 0, 3.65558503571, 6.65, 6.50169875385, 9.3, 5.5, 1.0950305122, 2.68313902349, 6.55, 4.55398, 8.8, 5.0, 0.1296552, 2.90519405595, 0,
1, 1, 0, 0, 0, 0, 0, 0, 0, 0, 0, 0, 0, 0, 0, 0, 0, 1, 0, 0, 6.97545721429, 5.1625, 6.97545721429, 6.0, 3.8, 0.206276775, 4.76708877217, 6.0, 54.1818181818, 6.8, 4.0, 3.8686585125, 15.2142767572, 2,
0, 0, 0, 0, 0, 0, 1, 0, 0, 0, 1, 0, 0, 0, 0, 0, 0, 0, 1, 0, 0.732224988889, 6.41764705882, 11.3683890714, 7.5, 4.4, 0.52399034, 3.64997308731, 6.52727272727, 15.1400093846, 7.3, 5.7, 0.732224988889, 4.56185577417, 1,
0, 0, 0, 0, 1, 0, 1, 0, 0, 0, 0, 0, 0, 0, 0, 0, 0, 1, 0, 0, 3.22052615556, 6.62162162162, 16.2307692308, 8.1, 3.8, 0.879310344828, 3.66229923312, 5.81428571429, 3.22052615556, 7.5, 3.0, 0.18576432, 1.52595230327, 0,
1, 1, 0, 0, 0, 0, 0, 0, 0, 0, 0, 0, 0, 0, 0, 1, 0, 0, 0, 0, 10.8929235733, 5.725, 10.8929235733, 6.6, 3.8, 1.36911158, 3.97765194625, 5.775, 10.8929235733, 6.6, 4.8, 0.12193973913, 4.23945287863, 2,
1, 1, 0, 0, 0, 0, 0, 0, 1, 0, 0, 0, 0, 0, 0, 0, 0, 0, 0, 0, 5.32829906, 6.35555555556, 5.32829906, 7.1, 5.6, 0.350156509804, 2.99892703119, 6.26315789474, 18.0017935357, 7.1, 4.8, 0.350156509804, 4.64009707268, 0,
1, 0, 0, 0, 0, 0, 0, 0, 0, 0, 0, 0, 0, 0, 0, 1, 0, 1, 0, 0, 4.3482649, 6.23333333333, 4.3482649, 7.2, 5.3, 0.348132694444, 1.67753146328, 6.38571428571, 4.40197001667, 7.3, 5.3, 0.348132694444, 2.22241917395, 0,
0, 0, 0, 0, 0, 0, 1, 0, 1, 0, 0, 0, 0, 0, 1, 0, 0, 0, 0, 0, 2.65, 6.65, 11.7528264, 10.0, 5.6, 0.327080944444, 3.49582818414, 6.7, 4.4960695, 7.3, 5.6, 2.0895145641, 2.82948948657, 1,
0, 1, 1, 1, 0, 0, 0, 1, 0, 0, 0, 0, 0, 0, 0, 0, 0, 0, 0, 0, 9.19814870213, 6.88333333333, 9.19814870213, 7.8, 6.0, 0.87182545, 3.42620578543, 7.05833333333, 12.0652912, 8.0, 6.0, 1.1365564, 5.37302536987, 0,
1, 1, 0, 0, 0, 0, 0, 0, 0, 0, 0, 0, 0, 0, 0, 1, 0, 1, 0, 0, 3.95571118571, 6.32727272727, 7.44247494737, 6.8, 6.1, 1.16904761905, 3.92325871255, 6.16666666667, 3.95571118571, 6.3, 5.9, 3.95571118571, 3.95571118571, 2,
0, 0, 0, 1, 0, 0, 0, 0, 0, 0, 0, 0, 0, 0, 0, 0, 0, 0, 0, 0, 52.2222222222, 6.13043478261, 58771.9298246, 8.0, 4.2, 2.22660098522, 8406.23311876, 6.7, 52.2222222222, 6.8, 6.6, 6.64105733333, 29.4316397778, 0,
0, 1, 0, 0, 0, 0, 0, 0, 0, 0, 0, 0, 0, 0, 0, 0, 0, 0, 0, 0, 2.03158113333, 6.31363636364, 8.72766675, 7.9, 5.2, 0.958752342857, 3.57186594011, 5.68888888889, 2.03158113333, 6.7, 4.2, 0.36875, 1.22971895, 3,
0, 0, 0, 1, 0, 0, 0, 0, 0, 0, 0, 0, 0, 0, 1, 0, 0, 0, 0, 0, 6.00807354545, 6.09090909091, 9.42242684848, 7.0, 5.5, 0.317433678571, 4.60978619875, 6.22, 6.4580367375, 6.5, 6.0, 6.00807354545, 6.15806127614, 0,
1, 1, 0, 0, 0, 0, 0, 0, 1, 0, 0, 0, 0, 0, 0, 0, 0, 1, 0, 0, 2.22344433077, 6.1, 6.99300699301, 7.4, 5.0, 2.22344433077, 4.40570760721, 6.45454545455, 6.90270413636, 9.0, 5.2, 1.09141382667, 3.85622077601, 3,
0, 1, 0, 0, 0, 0, 0, 1, 1, 0, 0, 0, 0, 0, 0, 0, 0, 0, 0, 0, 6.07541964615, 6.8625, 6.82278766667, 7.6, 6.0, 0.373643615385, 3.54809349192, 6.725, 10.622542576, 7.4, 5.3, 3.735836788, 6.63215877444, 0,
0, 0, 0, 0, 0, 0, 1, 0, 0, 0, 0, 0, 0, 0, 0, 0, 0, 0, 0, 0, 14.3817143902, 6.18, 14.3817143902, 7.6, 1.0, 1.41340740667, 4.89029171915, 6.125, 14.3817143902, 7.6, 4.9, 0.466666666667, 9.04755645554, 0,
0, 0, 0, 1, 0, 0, 1, 0, 1, 0, 0, 0, 0, 0, 0, 0, 0, 0, 0, 0, 1.75873815385, 7.24285714286, 2.05875004348, 10.0, 5.3, 1.00086793, 1.63618341341, 6.91428571429, 3.6, 7.6, 5.8, 0.117551333333, 1.98385453003, 1,
0, 0, 0, 0, 0, 0, 0, 0, 0, 0, 0, 0, 0, 0, 0, 0, 0, 0, 0, 1, 11.3683890714, 6.41764705882, 11.3683890714, 7.5, 4.4, 0.52399034, 3.64997308731, 6.82727272727, 11.3683890714, 8.0, 5.1, 0.19423844, 6.44932276109, 0,
1, 0, 0, 0, 0, 0, 0, 0, 0, 0, 0, 0, 0, 0, 0, 0, 0, 0, 1, 0, 9.22291535714, 6.41764705882, 11.3683890714, 7.5, 4.4, 0.52399034, 3.64997308731, 7.5, 9.22291535714, 7.5, 7.5, 9.22291535714, 9.22291535714, 0,
0, 0, 0, 0, 0, 0, 1, 0, 1, 0, 0, 0, 0, 1, 0, 0, 0, 0, 0, 0, 0.211753666667, 5.86666666667, 2.0833456875, 7.4, 5.0, 0.0220437058824, 0.772381020016, 5.925, 2.0833456875, 7.4, 5.0, 0.0220437058824, 0.630131775012, 1,
1, 1, 0, 0, 0, 0, 1, 0, 1, 0, 0, 1, 0, 0, 0, 0, 0, 1, 0, 0, 4.41850279592, 6.27777777778, 51.460903, 7.4, 5.7, 1.72839438286, 11.9090678457, 5.96666666667, 51.460903, 7.0, 4.7, 1.87660921875, 11.4090754747, 2,
1, 1, 0, 0, 0, 0, 0, 0, 0, 0, 0, 0, 0, 0, 0, 1, 0, 0, 0, 0, 5.41165273333, 6.8, 148.005148005, 10.0, 5.0, 0.5, 34.7290883801, 5.96666666667, 5.41165273333, 6.3, 5.6, 5.41165273333, 5.41165273333, 2,
0, 0, 0, 1, 0, 0, 0, 0, 0, 0, 0, 0, 0, 0, 0, 0, 0, 0, 0, 0, 6.02064, 5.83333333333, 39.4666666667, 6.8, 4.9, 0.399020625, 15.2954424306, 6.40833333333, 12.7070731217, 7.4, 3.9, 0.236842105263, 4.85111710909, 0,
0, 0, 0, 0, 0, 0, 1, 0, 0, 0, 0, 0, 0, 0, 0, 0, 0, 0, 0, 0, 2.3875127, 7.2, 2.3875127, 7.8, 6.5, 2.3875127, 2.3875127, 6.5, 2.3875127, 7.8, 4.9, 0.305235738994, 1.62193340789, 1,
0, 0, 0, 0, 0, 0, 1, 0, 1, 0, 0, 1, 0, 0, 0, 0, 0, 0, 0, 0, 2.3042724, 6.375, 6.51864193846, 7.6, 3.0, 2.3042724, 4.34923084392, 6.4, 2.3042724, 6.4, 6.4, 2.3042724, 2.3042724, 3,
0, 1, 0, 0, 0, 0, 0, 1, 1, 0, 0, 0, 0, 0, 0, 0, 0, 0, 0, 0, 5.97280690667, 6.19411764706, 42.4501386667, 7.0, 5.0, 0.0364900843748, 8.66581757221, 6.76666666667, 10.622542576, 7.4, 5.6, 3.52858716, 6.2913882211, 0,
0, 1, 0, 0, 0, 0, 0, 0, 1, 0, 0, 0, 0, 0, 0, 0, 0, 0, 0, 0, 3.8336, 6.89375, 11.9030742447, 9.0, 5.0, 0.0808743333333, 4.5506583726, 7.225, 11.9030742447, 7.7, 6.0, 3.820479152, 7.36334617815, 0,
0, 0, 0, 1, 0, 0, 1, 0, 0, 0, 0, 0, 0, 0, 0, 0, 0, 0, 0, 0, 32.8062208462, 6.98, 32.8062208462, 8.1, 6.0, 32.8062208462, 32.8062208462, 7.23333333333, 32.8062208462, 8.1, 6.7, 32.8062208462, 32.8062208462, 0,
1, 0, 0, 1, 0, 0, 0, 0, 0, 0, 0, 0, 0, 0, 0, 1, 0, 0, 0, 0, 2.77345233778, 6.02, 6.3834142, 6.7, 5.3, 0.371542333333, 2.37062568376, 6.03333333333, 3.15584859286, 6.1, 5.9, 2.77345233778, 2.90091775614, 3,
0, 0, 0, 1, 0, 0, 0, 0, 0, 0, 0, 1, 0, 0, 0, 0, 0, 0, 0, 0, 7.509848, 6.21428571429, 9.942111125, 7.2, 3.0, 0.373699955224, 4.65012279922, 6.65, 9.942111125, 7.2, 6.2, 2.43880125, 5.79769009375, 0,
0, 1, 0, 0, 0, 0, 0, 1, 1, 0, 0, 0, 0, 0, 0, 0, 0, 0, 0, 0, 5.97280690667, 6.19411764706, 42.4501386667, 7.0, 5.0, 0.0364900843748, 8.66581757221, 6.76666666667, 10.622542576, 7.4, 5.6, 3.52858716, 6.2913882211, 0,
0, 1, 0, 0, 0, 0, 0, 0, 1, 0, 0, 0, 0, 0, 0, 0, 0, 0, 0, 0, 3.8336, 6.89375, 11.9030742447, 9.0, 5.0, 0.0808743333333, 4.5506583726, 7.225, 11.9030742447, 7.7, 6.0, 3.820479152, 7.36334617815, 0,
0, 0, 0, 1, 0, 0, 1, 0, 0, 0, 0, 0, 0, 0, 0, 0, 0, 0, 0, 0, 32.8062208462, 6.98, 32.8062208462, 8.1, 6.0, 32.8062208462, 32.8062208462, 7.23333333333, 32.8062208462, 8.1, 6.7, 32.8062208462, 32.8062208462, 0,
1, 0, 0, 1, 0, 0, 0, 0, 0, 0, 0, 0, 0, 0, 0, 1, 0, 0, 0, 0, 2.77345233778, 6.02, 6.3834142, 6.7, 5.3, 0.371542333333, 2.37062568376, 6.03333333333, 3.15584859286, 6.1, 5.9, 2.77345233778, 2.90091775614, 3,
0, 0, 0, 1, 0, 0, 0, 0, 0, 0, 0, 1, 0, 0, 0, 0, 0, 0, 0, 0, 7.509848, 6.21428571429, 9.942111125, 7.2, 3.0, 0.373699955224, 4.65012279922, 6.65, 9.942111125, 7.2, 6.2, 2.43880125, 5.79769009375, 0,
0, 1, 1, 1, 0, 0, 0, 1, 0, 0, 0, 0, 0, 0, 0, 0, 0, 0, 0, 0, 5.2334435, 6.42857142857, 9.85207574444, 6.7, 5.8, 3.47595992, 6.66382451509, 5.77, 5.79864793333, 6.7, 5.0, 1.10842288462, 3.32723956905, 0,
0, 1, 1, 1, 0, 0, 0, 1, 1, 0, 0, 0, 0, 0, 1, 0, 0, 0, 0, 0, 18.0017935357, 6.61666666667, 18.0017935357, 7.1, 5.8, 0.782700821429, 5.56397675615, 6.26315789474, 18.0017935357, 7.1, 4.8, 0.350156509804, 4.64009707268, 0,
1, 1, 0, 0, 0, 0, 0, 0, 1, 0, 0, 0, 0, 0, 0, 0, 0, 0, 0, 0, 11.9030742447, 6.93125, 11.9030742447, 9.0, 5.0, 0.0808743333333, 4.5506583726, 7.225, 11.9030742447, 7.7, 6.0, 3.820479152, 7.36334617815, 0,
1, 0, 0, 0, 0, 0, 0, 0, 1, 0, 0, 0, 0, 0, 0, 0, 0, 0, 0, 0, 5.91157230935, 6.51875, 84.0, 8.0, 5.6, 0.579764375, 10.8861406158, 6.45454545455, 6.90270413636, 9.0, 5.2, 1.09141382667, 3.85622077601, 2,
1, 0, 0, 0, 1, 0, 0, 0, 0, 0, 0, 0, 0, 0, 0, 0, 0, 1, 0, 0, 9.07322272, 6.15, 9.07322272, 7.1, 4.9, 0.7472194, 3.61076151436, 6.15957446809, 11.47159, 7.8, 5.0, 0.1953295, 2.73965286739, 0,
0, 0, 0, 1, 0, 0, 0, 0, 0, 0, 0, 0, 0, 0, 0, 0, 0, 0, 0, 0, 3.3427533125, 5.76, 5.3, 6.9, 4.4, 0.879616772727, 2.98478644457, 5.55, 8.08659330435, 6.5, 4.1, 2.23995897778, 3.92417585119, 2,
1, 1, 0, 1, 1, 0, 0, 0, 0, 0, 0, 0, 0, 0, 0, 0, 0, 1, 0, 0, 8.01380846667, 6.05882352941, 9.19232934286, 7.0, 4.5, 0.132913628571, 3.81825766246, 6.43, 9.11415944, 7.2, 5.7, 1.0523432, 4.00197627474, 0,
0, 1, 0, 1, 0, 0, 0, 1, 0, 0, 0, 0, 0, 0, 0, 0, 0, 0, 0, 0, 3.23103578947, 6.05882352941, 9.19232934286, 7.0, 4.5, 0.132913628571, 3.81825766246, 6.02857142857, 13.9166456364, 7.0, 5.0, 0.82964414, 5.99244185528, 0,
1, 1, 0, 0, 0, 0, 0, 0, 1, 0, 0, 0, 0, 0, 0, 1, 0, 0, 0, 0, 2.94598008, 6.65, 6.50169875385, 9.3, 5.5, 1.0950305122, 2.68313902349, 5.772, 4.324165148, 7.4, 1.8, 0.534632444444, 2.62723920167, 1,
0, 0, 0, 0, 1, 0, 1, 0, 0, 0, 0, 0, 0, 0, 0, 0, 0, 0, 0, 0, 40.8444018333, 6.04230769231, 40.8444018333, 8.1, 3.0, 0.00754806666667, 4.78626584357, 6.61875, 40.8444018333, 8.1, 4.5, 0.206276775, 9.29158932871, 0,
1, 0, 0, 0, 0, 0, 1, 0, 0, 0, 0, 0, 0, 1, 0, 0, 0, 1, 0, 0, 3.56723706667, 6.81428571429, 22.52961, 7.8, 5.8, 2.07415730337, 6.58500043625, 6.81428571429, 3.56723706667, 7.1, 5.8, 2.34666666667, 3.25959291619, 0,
0, 0, 0, 0, 0, 0, 1, 0, 0, 0, 0, 0, 0, 0, 0, 0, 0, 0, 0, 0, 5.5467408, 5.72857142857, 5.5467408, 7.4, 3.0, 3.05759438182, 4.30216759091, 6.25, 5.5467408, 7.2, 4.7, 0.62413875, 3.71376946905, 0,
1, 1, 0, 0, 0, 0, 0, 0, 0, 0, 0, 0, 0, 0, 0, 0, 0, 0, 0, 0, 11.8928571429, 6.64545454545, 75.5152908571, 7.8, 4.8, 1.86227015714, 12.0526278784, 5.55714285714, 148.005148005, 8.0, 3.8, 1.07029455556, 33.5706647458, 0,
1, 1, 0, 0, 0, 0, 0, 0, 0, 0, 0, 0, 0, 0, 0, 1, 0, 0, 0, 0, 70.4907279091, 6.8, 148.005148005, 10.0, 5.0, 0.5, 34.7290883801, 6.616, 148.005148005, 10.0, 4.1, 3.13642213642, 25.2122442264, 0,
0, 0, 0, 0, 0, 0, 1, 0, 0, 0, 1, 0, 0, 0, 0, 0, 0, 0, 1, 0, 6.88344155714, 6.64545454545, 75.5152908571, 7.8, 4.8, 1.86227015714, 12.0526278784, 6.12, 6.88344155714, 7.5, 4.3, 1.95722129091, 4.42033142403, 0,
0, 0, 0, 0, 0, 0, 1, 0, 0, 1, 0, 1, 0, 0, 0, 0, 0, 0, 0, 0, 0.610292833333, 6.13846153846, 3.35021986154, 7.2, 4.5, 0.425958779412, 1.76342757801, 4.6, 0.610292833333, 4.6, 4.6, 0.610292833333, 0.610292833333, 5,
1, 1, 0, 0, 0, 0, 0, 0, 1, 0, 0, 0, 0, 0, 0, 0, 0, 0, 0, 0, 11.725156962, 6.93125, 11.9030742447, 9.0, 5.0, 0.0808743333333, 4.5506583726, 7.225, 11.9030742447, 7.7, 6.0, 3.820479152, 7.36334617815, 0,
1, 1, 0, 0, 0, 0, 0, 0, 0, 0, 0, 0, 0, 0, 0, 1, 0, 1, 0, 0, 2.83325474, 6.34285714286, 7.35741877778, 7.6, 5.4, 0.545932013422, 2.75439988137, 6.30666666667, 7.35741877778, 7.6, 5.4, 0.5, 2.13153000956, 3,
1, 1, 0, 0, 0, 0, 0, 0, 0, 0, 0, 0, 0, 1, 0, 1, 0, 0, 0, 0, 2.3847381, 5.46666666667, 2.3847381, 6.2, 4.0, 2.35331037059, 2.36902423529, 6.2, 2.3847381, 6.2, 6.2, 2.3847381, 2.3847381, 3,
1, 1, 0, 0, 0, 0, 0, 0, 0, 0, 0, 0, 0, 0, 0, 0, 0, 1, 0, 0, 13.2456195, 5.88333333333, 13.2456195, 8.0, 2.3, 0.334898475, 7.87789478632, 6.33888888889, 54.1818181818, 7.9, 5.5, 3.02737334545, 15.5736759001, 2,
0, 0, 0, 0, 0, 0, 0, 0, 0, 0, 0, 0, 0, 1, 0, 0, 0, 1, 0, 0, 7.20259640816, 5.96875, 7.45066583333, 7.5, 3.9, 0.452238977778, 2.66741828985, 5.86666666667, 12.9233677143, 6.8, 4.9, 0.1970322, 3.60494071228, 2,
1, 1, 0, 1, 0, 0, 0, 0, 0, 0, 0, 0, 0, 0, 0, 1, 0, 0, 0, 0, 2.79045207018, 6.175, 2.79045207018, 8.0, 5.1, 2.79045207018, 2.79045207018, 6.33333333333, 3.5, 7.4, 5.6, 0.264893538462, 2.51383640216, 3,
1, 0, 0, 0, 0, 0, 0, 0, 0, 0, 0, 0, 0, 0, 0, 1, 0, 0, 0, 0, 8.33333333333, 5.96363636364, 8.33333333333, 7.1, 4.4, 0.0498974, 2.10679513647, 6.17142857143, 8.33333333333, 6.7, 5.5, 0.8455473, 3.75331375124, 2,
0, 1, 0, 0, 0, 0, 0, 0, 0, 0, 0, 1, 0, 0, 0, 0, 0, 1, 0, 0, 67.2362857143, 6.64545454545, 75.5152908571, 7.8, 4.8, 1.86227015714, 12.0526278784, 4.97, 67.2362857143, 7.1, 2.8, 1.29324733333, 21.8572877323, 0,
1, 1, 0, 0, 0, 0, 0, 0, 0, 0, 0, 0, 0, 0, 0, 1, 0, 0, 0, 0, 17.7032457496, 7.24285714286, 17.7032457496, 10.0, 5.8, 2.12748413846, 9.91536494404, 6.64285714286, 29.9111111111, 10.0, 4.2, 0.397650793651, 14.5313373155, 0,
0, 0, 0, 1, 0, 0, 0, 0, 0, 0, 0, 0, 0, 0, 1, 0, 0, 0, 0, 0, 23.8438682857, 6.12222222222, 23.8438682857, 7.2, 4.7, 2.27314888889, 9.60809181288, 6.36666666667, 23.8438682857, 7.2, 5.5, 2.27314888889, 7.95731196785, 0,
0, 0, 0, 0, 1, 0, 1, 0, 0, 0, 0, 0, 0, 0, 0, 0, 0, 0, 0, 0, 1.87345576, 6.61578947368, 16.2307692308, 8.1, 3.8, 0.879310344828, 3.46603547288, 7.08, 2.23293028846, 7.8, 5.0, 1.87345576, 2.05319302423, 1,
1, 0, 0, 0, 0, 0, 0, 0, 1, 0, 0, 0, 0, 0, 0, 1, 0, 0, 0, 0, 5.45850941818, 6.05882352941, 9.19232934286, 7.0, 4.5, 0.132913628571, 3.81825766246, 5.34, 5.45850941818, 6.9, 3.0, 1.0, 2.27646588838, 0,
1, 1, 0, 0, 0, 0, 0, 0, 0, 0, 0, 0, 0, 0, 0, 0, 0, 1, 0, 0, 6.68375476667, 6.09090909091, 6.68375476667, 7.0, 3.4, 0.38561811875, 3.67131867492, 5.8, 6.68375476667, 6.9, 4.3, 0.842485116667, 3.56335733013, 0,
0, 0, 0, 1, 0, 0, 0, 0, 1, 0, 0, 0, 0, 0, 0, 0, 0, 0, 0, 0, 4.8884444, 6.64166666667, 11.7528264, 10.0, 5.3, 0.327080944444, 3.44318390435, 6.72, 5.33333333333, 7.2, 6.4, 4.20191161111, 4.92909341556, 0,
0, 0, 0, 0, 1, 0, 1, 0, 0, 0, 0, 0, 0, 0, 0, 0, 0, 1, 0, 0, 4.09725008889, 6.165625, 5.73776076923, 8.5, 3.6, 0.04564175, 2.1354356148, 6.6, 4.09725008889, 6.9, 6.3, 1.2195761, 2.65841309444, 0,
1, 0, 0, 1, 1, 0, 0, 0, 0, 0, 0, 0, 0, 0, 1, 0, 0, 0, 0, 0, 2.59377250877, 6.35555555556, 5.32829906, 7.1, 5.6, 0.350156509804, 2.99892703119, 6.23333333333, 2.59377250877, 7.5, 5.6, 2.59377250877, 2.59377250877, 3,
1, 1, 0, 0, 0, 0, 0, 0, 0, 0, 0, 0, 0, 0, 0, 1, 0, 0, 0, 0, 2.26446058889, 6.4, 4.38201189474, 7.4, 5.6, 0.849349666667, 2.17049537155, 6.33333333333, 2.26446058889, 6.7, 5.6, 1.861705112, 2.13020876326, 1,
1, 0, 0, 0, 0, 0, 1, 0, 0, 0, 1, 0, 0, 0, 0, 0, 0, 0, 1, 0, 2.91666666667, 6.6, 20.3966473333, 7.4, 5.2, 2.91666666667, 8.77256541667, 6.75, 7.62027108333, 7.4, 6.2, 1.52881045333, 3.63822718114, 1,
0, 0, 0, 1, 0, 0, 1, 0, 1, 0, 0, 0, 0, 0, 1, 0, 0, 0, 0, 0, 4.8566419863, 5.9, 6.64105733333, 7.0, 4.7, 1.00394051667, 3.31913881226, 6.4, 4.8566419863, 7.0, 4.9, 2.60605483333, 4.10644626865, 0,
1, 0, 0, 0, 1, 0, 0, 0, 0, 0, 0, 0, 0, 0, 0, 0, 0, 1, 0, 0, 5.07198203333, 6.81538461538, 26.74109525, 7.8, 4.5, 0.373699955224, 6.46312264986, 6.75, 26.74109525, 7.8, 4.5, 0.0215739130435, 5.55178720259, 0,
0, 0, 0, 0, 0, 0, 1, 0, 0, 0, 0, 0, 0, 0, 0, 0, 0, 0, 0, 1, 4.25368238, 6.81538461538, 26.74109525, 7.8, 4.5, 0.373699955224, 6.46312264986, 6.75, 26.74109525, 7.8, 4.5, 0.0215739130435, 5.55178720259, 0,
1, 0, 0, 0, 1, 0, 0, 0, 0, 0, 0, 0, 0, 0, 0, 0, 0, 0, 0, 0, 3.43531796429, 6.86666666667, 3.43531796429, 7.7, 5.9, 0.774513142857, 2.02442768941, 6.9, 3.43531796429, 7.7, 6.1, 1.9365718, 2.55806677161, 0,
1, 1, 0, 0, 0, 0, 0, 0, 1, 0, 0, 0, 0, 0, 0, 0, 0, 0, 0, 0, 1.7245575, 5.67948717949, 16.4, 7.0, 3.0, 0.2305623, 3.72039287431, 5.21428571429, 1.7245575, 6.8, 0.5, 1.7245575, 1.7245575, 3,
0, 1, 1, 1, 0, 0, 0, 1, 0, 0, 0, 0, 0, 0, 0, 0, 0, 0, 0, 0, 3.849859575, 6.67272727273, 12.0652912, 8.0, 5.9, 2.79926198, 5.42635833489, 6.27777777778, 4.8000875, 7.3, 5.3, 1.0325, 2.89304401452, 2,
1, 0, 0, 0, 1, 0, 1, 0, 0, 0, 0, 0, 0, 0, 0, 0, 0, 1, 0, 0, 4.324165148, 7.36, 5.159375, 8.4, 6.6, 1.45652173913, 3.58535001816, 6.26923076923, 11.7528264, 7.9, 4.4, 0.82102379, 5.35750646833, 0,
1, 1, 0, 0, 0, 0, 0, 0, 0, 0, 0, 0, 0, 0, 0, 0, 0, 1, 0, 0, 5.542805065, 7.04, 23.7531067333, 10.0, 6.1, 1.34569441667, 7.01068604086, 6.36111111111, 5.542805065, 7.9, 4.2, 0.139298961039, 2.04107927892, 0,
1, 1, 0, 0, 0, 0, 0, 0, 0, 0, 0, 0, 0, 0, 0, 1, 0, 1, 0, 0, 1.28571568571, 6.9, 12.2455, 10.0, 4.5, 1.28571568571, 6.42281272973, 6.97692307692, 12.2455, 10.0, 5.8, 1.28571568571, 7.08102597432, 1,
1, 1, 0, 0, 0, 0, 0, 0, 1, 0, 0, 0, 0, 0, 0, 0, 0, 0, 0, 0, 3.45299079845, 6.51875, 84.0, 8.0, 5.6, 0.579764375, 10.8861406158, 6.45454545455, 6.90270413636, 9.0, 5.2, 1.09141382667, 3.85622077601, 2,
0, 0, 0, 1, 0, 0, 0, 1, 0, 0, 0, 0, 0, 0, 0, 0, 0, 0, 0, 0, 2.74056445, 5.45714285714, 5.438848, 7.4, 4.6, 0.373533644444, 3.46144199382, 4.98, 3.03289966667, 5.7, 4.4, 1.22225832, 2.18657147417, 3,
0, 0, 0, 0, 1, 0, 1, 0, 0, 0, 0, 0, 0, 0, 0, 0, 0, 0, 0, 0, 2.23293028846, 6.61578947368, 16.2307692308, 8.1, 3.8, 0.879310344828, 3.46603547288, 6.1, 2.23293028846, 7.8, 4.0, 1.87345576, 2.05319302423, 1,
0, 0, 0, 1, 0, 0, 0, 0, 0, 0, 0, 0, 0, 0, 0, 0, 0, 0, 0, 0, 0.0, 2.5, 0, 2.5, 2.5, 6, 1, 2.5, 0, 2.5, 2.5, 6, 1, 5,
0, 0, 0, 0, 0, 0, 1, 0, 0, 0, 0, 0, 0, 0, 1, 0, 0, 0, 0, 0, 0.239621181818, 6.28, 0.239621181818, 9.0, 2.2, 0.239621181818, 0.239621181818, 5.32, 1.454054, 7.6, 2.2, 0.239621181818, 0.652958727273, 5,
1, 0, 0, 1, 0, 0, 0, 0, 0, 0, 0, 0, 0, 0, 0, 0, 0, 0, 0, 0, 0.56437136, 4.1625, 4.3432782, 4.7, 3.5, 0.56437136, 2.84057359, 4.6, 14.6326195263, 5.9, 3.5, 0.56437136, 4.93017282483, 5,
0, 1, 0, 1, 0, 0, 0, 1, 1, 0, 0, 0, 0, 0, 0, 0, 0, 0, 0, 0, 0.0, 4.45, 1.55625251667, 4.9, 4.0, 1.55625251667, 1.55625251667, 4.0, 0, 4.0, 4.0, 6, 1, 5,
0, 0, 0, 1, 1, 0, 0, 0, 0, 0, 0, 0, 0, 0, 1, 0, 0, 0, 0, 0, 0.134559425926, 6.15, 21.0906985333, 7.0, 4.1, 0.134559425926, 6.02348370648, 4.9, 0.134559425926, 5.7, 4.1, 0.134559425926, 0.134559425926, 5,
1, 0, 0, 0, 1, 0, 0, 0, 0, 0, 0, 0, 0, 0, 0, 0, 0, 0, 0, 0, 0.82102379, 5.36666666667, 0.82102379, 5.9, 4.4, 0.82102379, 0.82102379, 5.55, 4.73139853333, 6.6, 4.4, 0.390826085714, 1.79501321476, 5,
1, 1, 0, 0, 0, 0, 0, 0, 1, 0, 0, 0, 0, 0, 0, 1, 0, 1, 0, 0, 1.13529411765, 5.53333333333, 3.76470588235, 7.3, 1.7, 0.845843095238, 1.99132744867, 5.81666666667, 4.16588235294, 7.5, 4.1, 0.371542333333, 2.01315682026, 4,
1, 0, 0, 0, 1, 0, 0, 0, 1, 0, 0, 0, 0, 0, 0, 1, 0, 1, 0, 0, 1.905656976, 5.98181818182, 7.52593369231, 7.1, 4.5, 0.430814514286, 2.79323712442, 6.26923076923, 11.7528264, 7.9, 4.4, 0.82102379, 5.35750646833, 4,
0, 0, 0, 0, 0, 0, 0, 0, 0, 0, 0, 1, 0, 1, 0, 0, 0, 1, 0, 0, 0.968876825, 6.18, 1.3820014, 9.0, 4.2, 5.11111111111e-06, 0.823258284028, 5.65555555556, 3.6, 7.1, 4.2, 0.968876825, 1.84591788333, 5,
1, 1, 0, 0, 0, 0, 0, 0, 1, 0, 0, 0, 0, 0, 0, 1, 0, 0, 0, 0, 0.433864028571, 4.93333333333, 0.433864028571, 6.0, 3.9, 0.433864028571, 0.433864028571, 4.55, 0.433864028571, 5.2, 3.9, 0.433864028571, 0.433864028571, 5,
1, 1, 0, 0, 0, 0, 1, 0, 1, 0, 0, 0, 0, 0, 0, 0, 0, 0, 0, 0, 0.0, 3.9125, 1.97402585714, 6.0, 1.0, 0.0962168, 0.864127685714, 4.2, 0, 4.2, 4.2, 6, 1, 5,
1, 0, 0, 0, 0, 0, 0, 0, 0, 0, 0, 0, 0, 0, 0, 0, 0, 1, 0, 0, 0.98, 4.8, 0.98, 4.8, 4.8, 0.98, 0.98, 5.53333333333, 1.59917198, 6.2, 4.8, 0.98, 1.28958599, 5,
0, 0, 0, 0, 0, 0, 0, 0, 0, 0, 0, 1, 0, 1, 0, 1, 0, 0, 0, 0, 5.76, 5.22857142857, 5.76, 6.6, 4.0, 5.76, 5.76, 5.83333333333, 5.76, 6.6, 4.7, 5.76, 5.76, 4,
1, 1, 1, 1, 0, 0, 0, 1, 0, 0, 0, 0, 0, 0, 0, 0, 0, 0, 0, 0, 0.0, 5.16666666667, 0.0173297, 6.6, 4.4, 0.0173297, 0.0173297, 4.45, 0, 4.5, 4.4, 6, 1, 5,
1, 1, 0, 0, 0, 0, 0, 1, 1, 0, 0, 0, 0, 0, 0, 0, 0, 0, 0, 0, 2.12335282, 5.85555555556, 16.8201573, 7.3, 4.9, 0.563802253333, 4.32802519443, 5.79166666667, 16.8201573, 7.3, 4.9, 0.563802253333, 3.70936165487, 4,
0, 0, 0, 0, 0, 0, 0, 0, 0, 0, 0, 0, 0, 0, 0, 1, 0, 1, 0, 0, 6.6821036, 4.85, 6.6821036, 5.0, 4.7, 1.04492665, 3.863515125, 4.7, 6.6821036, 4.7, 4.7, 6.6821036, 6.6821036, 4,
0, 0, 0, 1, 0, 0, 0, 0, 0, 0, 0, 1, 0, 0, 0, 0, 0, 1, 0, 0, 3.17018481818, 5.12, 3.17018481818, 6.0, 3.3, 0.264, 1.71709240909, 5.745, 14.1691738889, 6.9, 4.0, 0.787044342105, 6.01925506174, 2,
0, 0, 0, 1, 0, 0, 0, 1, 1, 0, 0, 0, 0, 0, 1, 0, 0, 0, 0, 0, 2.51577634286, 5.51428571429, 5.438848, 7.4, 4.6, 3.33333333333e-08, 2.67607563399, 5.6, 4.14727612676, 6.5, 5.0, 2.23504843902, 2.96603363621, 3,
1, 0, 0, 0, 0, 0, 1, 0, 1, 0, 0, 0, 0, 0, 0, 0, 0, 1, 0, 1, 0.224234042553, 5.63333333333, 3.49574134118, 6.2, 4.7, 2e-06, 1.23999246124, 4.7, 0.224234042553, 4.7, 4.7, 0.224234042553, 0.224234042553, 5,
0, 0, 0, 1, 0, 0, 0, 0, 0, 0, 0, 0, 0, 0, 0, 0, 0, 0, 0, 0, 0.0, 5.96086956522, 14.1930174, 7.3, 4.3, 0.11645068, 4.97905006714, 5.6, 0, 6.1, 5.1, 6, 1, 3,
0, 0, 0, 1, 0, 0, 0, 1, 0, 0, 0, 0, 0, 0, 0, 1, 0, 0, 0, 0, 2.224715325, 5.77142857143, 2.224715325, 6.6, 4.9, 0.390826085714, 1.47573688049, 6.03125, 45.875171, 8.5, 3.3, 0.270819352941, 8.03321526239, 3,
1, 1, 0, 1, 1, 0, 0, 0, 0, 0, 0, 0, 0, 0, 0, 0, 0, 0, 0, 0, 2.15979823333, 5.81666666667, 2.87071244565, 6.4, 5.4, 0.669928676923, 1.88930109023, 6.28, 4.37717261538, 7.3, 5.4, 1.63684766, 2.62329587043, 3,
1, 1, 0, 0, 0, 0, 0, 0, 1, 0, 0, 1, 0, 0, 0, 1, 0, 1, 0, 0, 1.87987355, 5.84705882353, 10.3571428571, 6.8, 4.5, 0.168218457143, 2.0691047125, 5.275, 1.87987355, 7.0, 3.8, 1.01378257949, 1.44682806474, 3,
0, 0, 0, 1, 0, 0, 0, 1, 1, 0, 0, 0, 0, 1, 0, 0, 0, 1, 0, 0, 2.0254474, 5.86666666667, 17.5164839111, 7.4, 4.5, 1.88215468966, 5.20126357546, 5.78333333333, 20.5059558, 7.3, 4.9, 0.357319657143, 6.0233512356, 4,
1, 0, 0, 0, 0, 0, 0, 0, 0, 0, 0, 0, 0, 0, 0, 0, 0, 0, 0, 0, 1.31817595349, 5.74, 2.86664110606, 6.8, 4.8, 0.7176997, 1.49969293989, 5.96666666667, 2.29717587179, 6.7, 5.0, 0.136168666667, 1.34872623566, 3,
1, 0, 0, 1, 0, 0, 0, 0, 0, 0, 0, 0, 0, 0, 0, 0, 0, 0, 0, 0, 2.21607352, 5.45, 6.16412066667, 6.7, 4.0, 0.58843, 2.51615560381, 6.02, 13.8333333333, 6.9, 5.6, 2.21607352, 4.67257503867, 3,
0, 0, 0, 1, 0, 0, 0, 0, 0, 0, 0, 1, 0, 0, 0, 0, 0, 0, 0, 0, 0.0, 5.66666666667, 0, 6.1, 5.4, 6, 1, 5.5, 0, 5.5, 5.5, 6, 1, 3,
1, 0, 0, 0, 0, 0, 0, 0, 0, 0, 0, 0, 0, 0, 0, 0, 0, 1, 0, 0, 3.77777777778, 5.26, 9.22291535714, 7.5, 3.8, 3.04190593333, 5.34753302275, 6.525, 6.26666666667, 7.1, 5.7, 2.75137229921, 4.26527224789, 2,
0, 0, 0, 1, 0, 0, 0, 0, 1, 0, 0, 0, 0, 0, 1, 0, 0, 0, 0, 0, 0.0, 5.57142857143, 4.98773133333, 6.4, 4.6, 0.00394726666667, 3.02046624605, 5.98, 8.08659330435, 6.5, 5.3, 5.59090909091e-06, 3.60121473252, 3,
1, 1, 0, 0, 0, 0, 0, 0, 1, 0, 0, 0, 0, 0, 0, 1, 0, 1, 0, 0, 0.0, 5.2, 0, 5.2, 5.2, 6, 1, 5.48333333333, 2.7051334, 7.5, 3.3, 2.7051334, 2.7051334, 3,
1, 1, 0, 0, 0, 0, 0, 0, 0, 0, 0, 0, 0, 0, 0, 1, 0, 1, 0, 0, 2.34, 4.975, 2.34, 5.5, 4.0, 2.34, 2.34, 5.64615384615, 3.691517, 6.3, 5.1, 1.3820014, 2.45548668381, 3,
1, 1, 0, 0, 0, 0, 0, 0, 0, 0, 0, 0, 0, 0, 0, 1, 0, 1, 0, 0, 2.34, 4.975, 2.34, 5.5, 4.0, 2.34, 2.34, 5.64615384615, 3.691517, 6.3, 5.1, 1.3820014, 2.45548668381, 3,
1, 0, 0, 1, 1, 0, 0, 0, 0, 0, 0, 0, 0, 0, 0, 0, 0, 0, 0, 0, 2.38417978, 6.12608695652, 58771.9298246, 8.0, 4.2, 2.22660098522, 8406.23311876, 5.92222222222, 21.0906985333, 6.4, 5.1, 2.38417978, 12.3896016853, 3,
1, 0, 0, 1, 1, 0, 0, 0, 0, 0, 0, 0, 0, 0, 0, 0, 0, 1, 0, 0, 1.90699517647, 5.72941176471, 2.1370978, 6.6, 3.6, 1.90699517647, 2.02204648824, 6.3, 67.746624, 7.6, 4.8, 0.59136675, 18.2986631862, 3,
0, 0, 0, 1, 0, 0, 0, 0, 0, 0, 0, 0, 0, 0, 0, 0, 0, 0, 0, 0, 3.96139155556, 6.04, 23.8438682857, 7.2, 4.1, 0.35, 6.46755841744, 5.75555555556, 4.97042885714, 6.2, 5.5, 0.739195257143, 3.32808273781, 2,
1, 1, 0, 0, 0, 0, 1, 0, 0, 0, 0, 0, 0, 0, 0, 1, 0, 1, 0, 0, 0.0, 5.5, 0, 5.5, 5.5, 6, 1, 5.45, 0, 5.5, 5.4, 6, 1, 3,
0, 0, 0, 0, 0, 0, 0, 0, 0, 0, 0, 1, 0, 0, 0, 0, 0, 1, 0, 0, 0.0, 5.8, 0, 6.5, 5.4, 6, 1, 5.745, 14.1691738889, 6.9, 4.0, 0.787044342105, 6.01925506174, 3,
1, 1, 0, 1, 0, 0, 0, 1, 0, 0, 0, 0, 0, 0, 0, 0, 0, 0, 0, 0, 2.0998505, 5.33333333333, 8.946309875, 6.0, 4.0, 2.0998505, 5.5230801875, 6.375, 2.96076671333, 7.4, 4.8, 2.0998505, 2.40441430236, 4,
1, 0, 0, 0, 0, 0, 0, 0, 0, 0, 0, 0, 0, 0, 0, 0, 0, 0, 0, 0, 0.684952466667, 6.2, 11.2707005263, 8.5, 5.3, 0.5421669, 3.95523649322, 6.08, 3.6850524375, 7.3, 4.5, 0.684952466667, 1.81644935945, 3,
1, 0, 0, 0, 0, 0, 1, 0, 0, 0, 0, 0, 0, 0, 0, 0, 0, 1, 0, 0, 0.922146270588, 6.11538461538, 9.221894, 7.1, 4.3, 6e-08, 2.53802548989, 5.6, 0.922146270588, 6.1, 5.1, 0.922146270588, 0.922146270588, 3,
0, 0, 0, 0, 0, 0, 0, 0, 0, 0, 0, 1, 0, 1, 0, 0, 0, 1, 0, 0, 5.1805425, 5.85, 5.1805425, 6.9, 5.1, 5.1805425, 5.1805425, 5.4, 5.1805425, 5.4, 5.4, 5.1805425, 5.1805425, 2,
0, 0, 0, 0, 0, 0, 1, 0, 0, 0, 1, 0, 0, 0, 0, 0, 0, 0, 0, 0, 5.0, 5.875, 5.0, 7.4, 2.5, 1.85601799775, 3.92233783277, 7.1, 5.0, 7.1, 7.1, 5.0, 5.0, 0,
0, 0, 0, 0, 0, 0, 1, 0, 1, 0, 0, 1, 0, 0, 0, 0, 0, 1, 0, 0, 17.5, 5.06666666667, 17.5, 6.5, 2.7, 0.286248857143, 6.59541628571, 5.78450704225, 17.5, 8.2, 3.0, 0.845843095238, 5.0573033606, 2,
1, 1, 0, 1, 0, 0, 0, 0, 0, 0, 0, 0, 0, 0, 0, 0, 0, 1, 0, 0, 0.68190212, 5.675, 7.26971428571, 6.9, 4.3, 0.35142275, 2.22971762226, 5.79090909091, 7.26971428571, 6.4, 5.0, 0.35142275, 2.50165261884, 3,
1, 0, 0, 1, 0, 0, 0, 0, 1, 0, 0, 0, 0, 0, 0, 0, 0, 0, 0, 0, 0.0, 6.15, 0, 7.1, 5.2, 6, 1, 5.85, 0, 6.5, 5.2, 6, 1, 3,
1, 0, 0, 1, 0, 0, 0, 1, 0, 0, 0, 0, 0, 0, 0, 0, 0, 0, 0, 0, 2.01798, 5.8, 6.6337701, 7.1, 5.3, 0.792248173333, 2.90976767457, 5.5125, 5.2225531, 6.5, 4.7, 1.15751125, 2.350460106, 3,
1, 0, 0, 0, 0, 0, 1, 0, 0, 0, 0, 0, 0, 0, 0, 1, 0, 1, 0, 0, 0.0, 5.71428571429, 16.4, 7.2, 3.5, 6, 16.4, 4.9, 0, 4.9, 4.9, 6, 1, 5,
0, 0, 0, 1, 0, 0, 0, 0, 0, 0, 0, 0, 0, 0, 0, 0, 0, 0, 0, 0, 1.2518424, 4.675, 1.2518424, 5.4, 3.9, 1.2518424, 1.2518424, 5.625, 4.71111111111, 6.0, 4.9, 1.2518424, 2.50336276877, 3,
0, 0, 0, 1, 0, 0, 1, 0, 0, 0, 0, 0, 0, 0, 0, 0, 0, 0, 0, 0, 0.333855148936, 5.92083333333, 5.7212044875, 7.6, 2.0, 0.1564204, 1.59645489242, 6.2, 0.796296296296, 7.4, 5.0, 0.333855148936, 0.565075722616, 3,
1, 0, 0, 0, 1, 0, 0, 0, 0, 0, 0, 0, 0, 0, 0, 1, 0, 1, 0, 0, 0.0, 5.15, 3.2101, 6.5, 4.0, 3.2101, 3.2101, 5.88, 3.6414704, 6.8, 5.3, 1.03919094595, 2.34033067297, 3,
1, 1, 0, 0, 0, 0, 0, 0, 0, 0, 0, 0, 0, 0, 0, 1, 0, 0, 0, 0, 0.2435092375, 6.05882352941, 9.19232934286, 7.0, 4.5, 0.132913628571, 3.81825766246, 6.125, 1.2810941, 6.9, 5.1, 0.2435092375, 0.76230166875, 3,
0, 0, 0, 1, 0, 0, 0, 0, 0, 0, 0, 0, 0, 0, 1, 0, 0, 0, 0, 0, 3.10650585, 5.58888888889, 21.4075458182, 6.3, 4.5, 0.430236882353, 5.30182058132, 6.02857142857, 6.4580367375, 6.5, 5.4, 0.324744119048, 3.38385966874, 2,
0, 0, 0, 0, 0, 0, 0, 0, 0, 0, 0, 1, 0, 1, 0, 0, 0, 1, 0, 0, 1.95285382857, 5.2, 1.95285382857, 5.2, 5.2, 1.95285382857, 1.95285382857, 5.2, 1.95285382857, 5.2, 5.2, 1.95285382857, 1.95285382857, 3,
0, 0, 0, 1, 0, 0, 0, 0, 0, 0, 0, 0, 0, 0, 0, 0, 0, 0, 0, 0, 3.33333333333e-08, 5.925, 6.57311186364, 6.9, 5.3, 3.33333333333e-08, 2.33100408339, 5.7, 0.97788415, 6.0, 5.4, 3.33333333333e-08, 0.325961405556, 3,
0, 0, 0, 1, 0, 0, 0, 1, 0, 0, 0, 0, 0, 0, 0, 0, 0, 0, 0, 0, 1.24600962222, 6.3, 4.20816732727, 7.2, 5.8, 1.24600962222, 2.72708847475, 5.975, 6.58333440909, 6.4, 5.4, 1.24600962222, 3.25619373283, 3,
0, 0, 0, 1, 0, 0, 1, 0, 0, 0, 0, 0, 1, 0, 1, 0, 0, 0, 0, 0, 2.87942425, 7.22, 2.87942425, 10.0, 5.3, 0.726676733333, 1.80305049167, 6.0, 2.87942425, 6.2, 5.8, 2.87942425, 2.87942425, 3,
1, 1, 0, 0, 0, 0, 0, 0, 0, 0, 0, 0, 0, 0, 0, 1, 0, 0, 0, 0, 2.44548375714, 5.64615384615, 4.93702771667, 6.5, 4.2, 0.19423844, 2.11107389303, 5.89166666667, 9.53925463636, 7.3, 5.0, 0.28909425, 2.86554892536, 3,
0, 0, 0, 0, 0, 0, 1, 0, 0, 0, 0, 1, 0, 0, 0, 0, 0, 1, 0, 0, 5.609436, 6.02222222222, 5.609436, 6.9, 4.5, 1.4, 3.504718, 6.35, 5.609436, 6.6, 6.1, 5.609436, 5.609436, 2,
0, 0, 0, 0, 0, 0, 0, 0, 0, 0, 0, 1, 0, 1, 0, 0, 0, 1, 0, 0, 7.38741964706, 5.3, 7.38741964706, 6.1, 4.3, 0.116660036364, 3.75203984171, 5.52, 7.38741964706, 7.6, 4.1, 0.615417107692, 3.3631785373, 2,
1, 1, 0, 0, 0, 0, 0, 0, 1, 0, 0, 0, 0, 0, 0, 0, 0, 0, 0, 0, 1.7245575, 5.66666666667, 16.4, 7.0, 3.0, 0.2305623, 4.24143232099, 5.21428571429, 1.7245575, 6.8, 0.5, 1.7245575, 1.7245575, 3,
0, 0, 1, 1, 0, 0, 0, 1, 1, 0, 0, 0, 1, 0, 0, 0, 0, 0, 0, 0, 6.02277721667, 5.52857142857, 6.02277721667, 6.2, 5.0, 0.678790666667, 2.7393179996, 5.21666666667, 8.26175975, 6.8, 2.0, 5.9085334, 6.80516376167, 2,
1, 1, 0, 0, 0, 0, 1, 0, 0, 0, 0, 0, 0, 0, 0, 0, 0, 1, 0, 0, 0.8640163, 5.84705882353, 10.3571428571, 6.8, 4.5, 0.168218457143, 2.0691047125, 6.1, 0.8640163, 6.1, 6.1, 0.8640163, 0.8640163, 3,
1, 1, 0, 1, 1, 0, 0, 0, 0, 0, 0, 0, 0, 0, 0, 0, 0, 1, 0, 0, 2.87071244565, 5.81666666667, 2.87071244565, 6.4, 5.4, 0.669928676923, 1.88930109023, 6.28, 4.37717261538, 7.3, 5.4, 1.63684766, 2.62329587043, 3,
0, 0, 0, 0, 0, 0, 1, 0, 0, 0, 0, 0, 0, 0, 1, 0, 0, 0, 0, 0, 0.396230705882, 6.11111111111, 12.9233677143, 6.9, 5.1, 0.0170976774194, 3.96236949749, 5.875, 1.55464351, 6.2, 5.7, 0.396230705882, 0.975437107941, 3,
0, 0, 0, 1, 0, 0, 0, 0, 0, 0, 0, 0, 0, 0, 1, 0, 0, 0, 0, 0, 2.115042025, 5.75, 2.115042025, 7.9, 3.5, 2.115042025, 2.115042025, 5.55714285714, 2.5605015, 6.4, 4.9, 0.716485240964, 1.74172392833, 3,
0, 0, 0, 0, 1, 0, 1, 0, 0, 0, 0, 0, 0, 1, 0, 0, 0, 1, 0, 0, 1.20224707624, 6.04, 8.76688482, 7.6, 4.3, 0.361076923077, 2.79705676483, 5.3, 1.20224707624, 5.3, 5.3, 1.20224707624, 1.20224707624, 3,
1, 1, 0, 0, 0, 0, 0, 0, 0, 0, 0, 0, 0, 0, 0, 0, 0, 1, 0, 0, 0.754977625, 5.88333333333, 0.754977625, 7.2, 4.0, 0.273986875, 0.439352916667, 5.8, 0.754977625, 6.0, 5.5, 0.754977625, 0.754977625, 3,
1, 1, 0, 0, 0, 0, 0, 0, 0, 0, 0, 0, 0, 0, 0, 0, 0, 1, 0, 0, 2.9377102, 5.97142857143, 2.9377102, 7.6, 4.9, 2.9377102, 2.9377102, 5.64615384615, 3.691517, 6.3, 5.1, 1.3820014, 2.45548668381, 3,
0, 0, 0, 0, 0, 0, 0, 0, 0, 0, 0, 1, 0, 0, 0, 0, 0, 1, 0, 0, 0.0, 5.275, 0, 5.7, 4.8, 6, 1, 5.14166666667, 3.5537514, 6.5, 2.0, 0.0276285714286, 1.4597314449, 3,
0, 0, 0, 0, 0, 0, 0, 0, 0, 0, 0, 0, 0, 0, 0, 1, 0, 0, 0, 0, 0.220327925, 6.5, 19.2822203636, 7.1, 5.7, 0.220327925, 6.0291859108, 6.4, 0.220327925, 6.4, 6.4, 0.220327925, 0.220327925, 3,
0, 0, 0, 1, 0, 0, 0, 0, 0, 0, 0, 0, 0, 0, 1, 0, 0, 0, 0, 0, 3.4253907, 5.57142857143, 4.98773133333, 6.4, 4.6, 0.00394726666667, 3.02046624605, 5.98, 8.08659330435, 6.5, 5.3, 5.59090909091e-06, 3.60121473252, 2,
1, 1, 0, 1, 0, 0, 0, 0, 0, 0, 0, 0, 0, 0, 0, 1, 0, 0, 0, 0, 3.15584859286, 6.0, 6.3834142, 6.5, 5.3, 0.21234725, 2.34533093376, 6.03333333333, 3.15584859286, 6.1, 5.9, 2.77345233778, 2.90091775614, 2,
0, 0, 1, 1, 0, 0, 1, 1, 1, 0, 0, 0, 0, 0, 0, 0, 0, 0, 0, 0, 2.875, 6.7, 2.875, 7.1, 6.3, 2.875, 2.875, 6.16666666667, 6.58333440909, 6.4, 5.8, 1.24600962222, 3.5681146771, 3,
1, 1, 0, 0, 0, 0, 1, 0, 0, 0, 0, 0, 0, 0, 0, 0, 0, 0, 0, 1, 1.89866753333, 6.13636363636, 6.07231093103, 6.9, 5.2, 0.912978133333, 2.68053022715, 5.93333333333, 4.6786516, 7.1, 4.5, 1.89866753333, 3.47597059829, 3,
1, 1, 0, 0, 0, 0, 0, 0, 0, 0, 0, 0, 0, 0, 0, 1, 0, 1, 0, 0, 3.96538504301, 6.22, 6.960130375, 7.3, 5.4, 0.506321777778, 2.94924102049, 6.095, 14.6047619048, 8.5, 4.7, 0.2435092375, 6.04524769502, 2,
1, 1, 0, 0, 1, 0, 0, 0, 0, 0, 0, 0, 0, 0, 0, 0, 0, 1, 0, 0, 0.37564454, 5.675, 2.07370716, 6.8, 3.8, 0.37564454, 1.25053064359, 5.7, 0.52940805, 6.0, 5.2, 0.37564454, 0.452526295, 3,
0, 0, 0, 1, 0, 0, 0, 0, 0, 0, 0, 0, 0, 0, 1, 0, 0, 0, 0, 0, 0.998829294118, 5.85714285714, 7.87637105556, 6.3, 4.9, 0.393857571429, 3.08203486982, 5.55, 0.998829294118, 6.0, 4.9, 0.998829294118, 0.998829294118, 5,
1, 0, 0, 0, 1, 0, 1, 0, 0, 0, 0, 0, 0, 0, 0, 0, 0, 1, 0, 0, 0.0, 5.98888888889, 0.72332392, 7.0, 5.2, 0.09812375, 0.410723835, 5.76666666667, 3.10892724, 6.1, 5.6, 3.10892724, 3.10892724, 3,
1, 1, 0, 1, 0, 0, 0, 0, 0, 0, 0, 0, 0, 0, 0, 0, 0, 0, 0, 0, 4.01457545, 5.61428571429, 9.66666666667, 6.4, 4.3, 0.594433333333, 4.75855848333, 6.16, 5.542805065, 7.9, 3.8, 2.68024, 3.70787030913, 2,
1, 0, 0, 0, 0, 0, 0, 0, 0, 0, 0, 0, 0, 0, 0, 1, 0, 1, 0, 0, 0.421264646341, 5.26, 3.02737334545, 6.1, 3.0, 0.185, 1.21121266393, 5.575, 3.51817821538, 6.3, 4.5, 0.421264646341, 1.91115359123, 3,
0, 0, 0, 1, 0, 0, 0, 0, 0, 0, 0, 0, 0, 0, 0, 0, 0, 0, 0, 0, 1.78418617647, 5.25, 1.78418617647, 6.6, 3.9, 1.78418617647, 1.78418617647, 5.85, 6.0571604375, 6.6, 4.4, 0.461253175, 2.79589630785, 1,
0, 0, 0, 1, 0, 0, 0, 0, 0, 0, 0, 0, 0, 0, 1, 0, 0, 0, 0, 0, 3.34773873684, 5.54, 5.25857742857, 6.8, 3.5, 3.4e-06, 2.54449590275, 6.0, 3.34773873684, 6.7, 5.3, 3.121326625, 3.23453268092, 2,
1, 1, 0, 0, 0, 0, 0, 0, 0, 0, 0, 0, 0, 0, 0, 1, 0, 1, 0, 0, 1.5098184, 6.3625, 8.13528975, 7.6, 5.7, 0.0152535, 1.87102633441, 5.7, 1.5098184, 5.7, 5.7, 1.5098184, 1.5098184, 3,
0, 0, 1, 1, 0, 0, 0, 1, 0, 0, 0, 0, 0, 0, 0, 0, 0, 0, 0, 0, 2.09621776667, 6.53333333333, 2.09621776667, 7.3, 5.4, 0.11145740625, 1.30031734764, 6.15, 2.09621776667, 6.9, 5.4, 1.69327687, 1.89474731833, 3,
0, 0, 0, 1, 0, 0, 0, 0, 1, 0, 0, 0, 0, 0, 0, 1, 0, 0, 0, 0, 0.0, 5.9, 6.64105733333, 7.0, 4.7, 1.00394051667, 3.31913881226, 5.74705882353, 4.77053042308, 6.6, 4.8, 0.999899681529, 2.3325007104, 3,
1, 0, 0, 0, 0, 0, 0, 0, 1, 0, 0, 0, 0, 0, 0, 1, 0, 1, 0, 0, 0.7176997, 5.74, 2.86664110606, 6.8, 4.8, 0.7176997, 1.49969293989, 6.0, 0.7176997, 6.0, 6.0, 0.7176997, 0.7176997, 3,
0, 0, 0, 0, 1, 0, 1, 0, 0, 0, 0, 0, 0, 0, 0, 0, 0, 1, 0, 0, 1.13428294, 5.72, 3.001087625, 7.1, 4.0, 1.073856, 1.736408855, 6.35, 1.13428294, 6.9, 6.1, 0.0375943333333, 0.77383861, 3,
1, 0, 0, 0, 1, 0, 1, 0, 0, 0, 0, 0, 0, 0, 0, 0, 0, 1, 0, 0, 0.6401643, 6.75, 3.99018292308, 9.0, 5.8, 0.6401643, 2.10935235293, 4.75, 0.6401643, 6.5, 3.0, 0.6401643, 0.6401643, 1,
0, 0, 0, 0, 1, 0, 1, 0, 0, 0, 0, 0, 0, 0, 0, 0, 0, 1, 0, 0, 1.5645283, 5.92666666667, 8.30588235294, 7.4, 4.3, 1.19954044444, 3.68998369913, 6.5, 2.04186403333, 7.2, 5.8, 1.5645283, 1.80319616667, 3,
0, 0, 0, 1, 0, 0, 0, 0, 0, 0, 0, 0, 0, 0, 0, 0, 0, 0, 0, 0, 3.23035460714, 5.74285714286, 3.94230165385, 6.3, 5.0, 3.22844254286, 3.46703293462, 5.55, 3.23035460714, 5.6, 5.4, 1.91723741667, 2.5737960119, 2,
0, 0, 0, 1, 0, 0, 0, 0, 0, 0, 0, 0, 0, 0, 1, 0, 0, 0, 0, 0, 5.4999651, 5.6, 5.4999651, 7.6, 1.8, 0.0837853, 1.642641984, 6.41666666667, 14.9982518, 7.3, 5.1, 0.6, 6.25148058727, 0,
0, 0, 0, 0, 1, 0, 1, 0, 0, 0, 0, 0, 0, 1, 1, 0, 0, 1, 0, 0, 0.0, 5.96086956522, 14.1930174, 7.3, 4.3, 0.11645068, 4.97905006714, 6.03333333333, 2.85178488235, 7.0, 5.3, 1.1987142, 2.02524954118, 3,
0, 0, 0, 1, 0, 0, 1, 0, 0, 0, 0, 0, 0, 0, 0, 0, 0, 1, 0, 0, 1.28170840426, 5.0, 2.17074932143, 7.1, 2.0, 1.28170840426, 1.8322418832, 5.3, 1.28170840426, 5.3, 5.3, 1.28170840426, 1.28170840426, 3,
1, 0, 0, 0, 0, 0, 0, 0, 0, 0, 0, 1, 0, 0, 0, 1, 0, 0, 0, 0, 2.682429, 5.725, 3.65558503571, 7.7, 3.9, 0.03579775, 2.22928303676, 5.73157894737, 5.33333333333, 7.7, 3.8, 0.03579775, 2.72655591693, 3,
0, 0, 0, 0, 0, 0, 1, 0, 0, 0, 0, 0, 0, 0, 1, 0, 0, 0, 1, 0, 4.59908416, 6.40909090909, 6.10001372, 7.4, 3.5, 0.620609466667, 3.50858702923, 6.2, 4.59908416, 6.6, 5.6, 0.669928676923, 2.63450641846, 0,
1, 1, 0, 1, 0, 0, 1, 0, 0, 0, 0, 0, 0, 1, 0, 0, 0, 0, 0, 0, 0.7454342875, 6.0, 9.07322272, 7.1, 4.8, 0.7454342875, 5.22494933521, 5.6, 0.7454342875, 5.6, 5.6, 0.7454342875, 0.7454342875, 3,
1, 1, 0, 1, 0, 0, 0, 0, 1, 0, 0, 0, 0, 0, 0, 0, 0, 1, 0, 0, 1.19677576136, 6.60588235294, 12.57237, 10.0, 5.0, 0.577312162162, 4.62127170177, 6.55, 12.57237, 7.4, 4.3, 0.577312162162, 4.98185756225, 3,
1, 0, 0, 0, 1, 0, 0, 0, 0, 0, 0, 0, 0, 0, 0, 0, 0, 1, 0, 0, 0.0, 5.2, 1.87286218667, 6.6, 2.7, 1.392685275, 1.63277373083, 5.7, 0, 5.7, 5.7, 6, 1, 3,
1, 1, 0, 1, 0, 0, 0, 0, 0, 0, 0, 0, 0, 0, 0, 0, 0, 0, 0, 0, 1.15288389091, 6.03636363636, 1.71671962963, 7.5, 3.8, 0.179766211111, 0.98278721069, 5.8, 1.15288389091, 6.1, 5.7, 0.581592054545, 0.867237972727, 3,
1, 1, 0, 0, 0, 0, 0, 0, 1, 0, 0, 0, 0, 0, 0, 0, 0, 0, 0, 0, 1.861705112, 6.35, 2.66148871875, 7.2, 5.6, 1.09141382667, 1.73437488777, 6.33333333333, 2.26446058889, 6.7, 5.6, 1.861705112, 2.13020876326, 3,
1, 1, 0, 0, 0, 0, 1, 0, 0, 0, 0, 0, 0, 0, 0, 0, 0, 1, 0, 0, 0.823639714286, 6.225, 1.82020935714, 7.1, 5.5, 0.823639714286, 1.32192453571, 5.86, 2.24177307407, 6.3, 5.0, 0.823639714286, 1.53270639418, 3,
0, 0, 0, 1, 0, 0, 0, 0, 0, 0, 0, 0, 0, 0, 0, 0, 0, 0, 0, 0, 14.6326195263, 6.04, 14.6326195263, 6.6, 5.7, 2.9392418, 6.87608418084, 5.83333333333, 14.6326195263, 6.7, 4.7, 3.05639121622, 6.55132665751, 2,
0, 0, 0, 0, 0, 0, 0, 0, 0, 0, 0, 0, 0, 0, 0, 0, 0, 1, 0, 0, 0.188393925, 5.8, 1.45108473333, 7.3, 4.0, 0.188393925, 0.819739329167, 5.47142857143, 6.870438, 6.4, 3.5, 0.0329898461538, 2.83879257423, 3,
0, 0, 0, 0, 0, 0, 1, 0, 0, 0, 0, 1, 0, 0, 0, 0, 0, 0, 0, 0, 0.0, 4.36666666667, 0, 5.1, 3.3, 6, 1, 5.85, 0, 6.6, 5.1, 6, 1, 3,
0, 0, 0, 0, 0, 0, 1, 0, 0, 0, 0, 0, 1, 0, 1, 0, 0, 0, 0, 0, 0.6728189375, 6.48571428571, 6.81726071111, 8.0, 5.2, 0.6728189375, 3.5487199636, 6.0125, 2.713262625, 6.8, 5.2, 0.6728189375, 1.85377108361, 3,
0, 0, 0, 0, 0, 0, 1, 0, 0, 0, 0, 0, 0, 0, 0, 0, 0, 1, 0, 0, 0.171834490909, 6.2, 0.810041442857, 7.3, 5.3, 0.171834490909, 0.490937966883, 6.46875, 14.6029894545, 7.8, 5.3, 0.171834490909, 3.51941348047, 3,
1, 1, 0, 0, 0, 0, 0, 0, 0, 0, 0, 0, 0, 0, 0, 0, 0, 1, 0, 0, 3.08550797143, 6.2, 6.0, 7.7, 5.0, 0.0610124144969, 1.99609924638, 6.33888888889, 54.1818181818, 7.9, 5.5, 3.02737334545, 15.5736759001, 2,
1, 0, 0, 0, 1, 0, 0, 0, 0, 0, 0, 0, 0, 0, 0, 0, 0, 1, 0, 0, 0.0, 6.3, 0, 6.4, 6.2, 6, 1, 6.2, 0, 6.2, 6.2, 6, 1, 3,
0, 0, 0, 1, 0, 0, 0, 0, 0, 0, 0, 0, 0, 0, 0, 0, 0, 0, 0, 0, 1.25199792754, 6.1, 9.42242684848, 7.0, 5.5, 0.317433678571, 4.60978619875, 5.66666666667, 2.75137229921, 6.3, 5.2, 1.25199792754, 2.00168511337, 3,
0, 0, 0, 0, 0, 0, 0, 0, 0, 0, 0, 1, 0, 0, 0, 0, 0, 0, 0, 0, 0.0, 5.90588235294, 13.9166456364, 6.8, 0.5, 0.82964414, 4.24244725034, 6.11666666667, 5.5, 7.2, 5.1, 0.849349666667, 2.703167975, 3,
0, 0, 0, 1, 1, 0, 1, 0, 0, 0, 0, 0, 0, 0, 0, 0, 0, 1, 0, 0, 1.49677615, 6.0375, 5.87865215, 8.0, 3.3, 0.0375943333333, 2.50556360417, 6.26666666667, 4.55261376471, 7.8, 4.7, 1.49677615, 2.92333757157, 3,
0, 1, 0, 0, 0, 0, 0, 0, 0, 0, 0, 1, 0, 0, 0, 0, 0, 0, 0, 0, 0.0, 5.43333333333, 5.06129707692, 7.4, 3.8, 5.06129707692, 5.06129707692, 5.625, 0, 8.8, 3.8, 6, 1, 3,
1, 0, 0, 0, 1, 0, 0, 0, 0, 0, 0, 0, 0, 0, 0, 0, 0, 1, 0, 0, 1.61810572, 6.76666666667, 1.61810572, 7.8, 6.2, 1.61810572, 1.61810572, 6.2, 1.61810572, 6.2, 6.2, 1.61810572, 1.61810572, 3,
0, 1, 0, 0, 0, 0, 0, 1, 1, 0, 0, 0, 0, 0, 0, 0, 0, 0, 0, 0, 0.9581729, 6.27142857143, 2.13894925581, 6.8, 5.3, 0.9581729, 1.38178474638, 4.6, 0.9581729, 6.1, 3.0, 0.9581729, 0.9581729, 3,
1, 1, 0, 0, 0, 0, 0, 0, 0, 0, 0, 0, 0, 0, 0, 1, 0, 1, 0, 0, 3.95571118571, 6.32727272727, 7.44247494737, 6.8, 6.1, 1.16904761905, 3.92325871255, 6.16666666667, 3.95571118571, 6.3, 5.9, 3.95571118571, 3.95571118571, 2,
1, 0, 0, 0, 1, 0, 1, 0, 0, 0, 0, 0, 0, 0, 0, 0, 0, 1, 0, 0, 0.492164536585, 6.13333333333, 0.492164536585, 7.9, 4.9, 0.492164536585, 0.492164536585, 5.6, 0.492164536585, 5.6, 5.6, 0.492164536585, 0.492164536585, 3,
0, 0, 0, 1, 0, 0, 1, 0, 0, 0, 0, 0, 0, 0, 0, 0, 0, 0, 0, 0, 4.78011096491, 5.76, 5.3, 6.9, 4.4, 0.879616772727, 2.98478644457, 5.98, 8.08659330435, 6.5, 5.3, 5.59090909091e-06, 3.60121473252, 2,
0, 0, 0, 1, 0, 0, 1, 0, 0, 0, 0, 0, 0, 0, 1, 0, 0, 0, 0, 0, 2.2319443, 5.98333333333, 2.2319443, 7.1, 5.3, 0.0647255714286, 1.14833493571, 6.16666666667, 2.2319443, 7.1, 5.3, 2.2319443, 2.2319443, 3,
1, 0, 0, 0, 1, 0, 0, 0, 0, 0, 0, 0, 0, 0, 1, 0, 0, 1, 0, 0, 1.32889993939, 6.05, 1.32889993939, 6.6, 5.3, 0.69008775, 1.08526404646, 6.08421052632, 14.1930174, 10.0, 4.0, 0.00708058333333, 4.33423867672, 3,
0, 1, 1, 1, 0, 0, 0, 1, 1, 0, 0, 0, 0, 0, 0, 0, 0, 0, 0, 0, 4.99348853125, 6.0, 4.99348853125, 6.2, 5.8, 4.26913443846, 4.63131148486, 5.97142857143, 4.99348853125, 6.8, 5.3, 0.853332466667, 2.93416638048, 2,
0, 0, 0, 1, 0, 0, 0, 0, 0, 0, 0, 0, 0, 0, 1, 0, 0, 0, 0, 0, 4.20816732727, 6.3, 4.20816732727, 7.2, 5.8, 1.24600962222, 2.72708847475, 6.0, 21.4075458182, 6.3, 5.9, 4.20816732727, 9.9751561647, 2,
0, 0, 0, 0, 1, 0, 0, 0, 0, 0, 0, 0, 0, 0, 0, 0, 0, 1, 0, 0, 3.29767527273, 6.0, 23.8887958571, 6.9, 4.0, 0.3193102, 3.82932074097, 6.475, 5.30255470588, 6.9, 6.3, 2.77777777778, 3.79266925213, 2,
0, 0, 0, 0, 0, 0, 0, 0, 0, 0, 0, 1, 0, 0, 0, 0, 0, 0, 0, 0, 11.2707005263, 6.2, 11.2707005263, 8.5, 5.3, 0.5421669, 3.95523649322, 5.26666666667, 363.047058824, 6.8, 2.0, 2.36209725, 184.931728856, 2,
0, 1, 1, 1, 0, 0, 0, 1, 0, 0, 0, 0, 0, 0, 0, 1, 0, 0, 0, 0, 1.49922521429, 5.7, 1.49922521429, 5.7, 5.7, 1.49922521429, 1.49922521429, 5.7, 1.49922521429, 5.7, 5.7, 1.49922521429, 1.49922521429, 3,
0, 0, 0, 1, 0, 0, 0, 0, 0, 0, 0, 0, 0, 0, 1, 0, 0, 0, 0, 0, 2.18887263529, 5.76, 5.3, 6.9, 4.4, 0.879616772727, 2.98478644457, 6.06666666667, 3.15584859286, 6.4, 5.9, 0.926793851852, 2.09050502667, 3,
0, 0, 0, 1, 1, 0, 0, 0, 0, 0, 0, 0, 0, 0, 0, 0, 0, 0, 0, 0, 2.8378125, 5.89, 13.1220176857, 6.9, 4.3, 0.89037845, 4.73932180239, 5.2, 2.8378125, 6.5, 4.0, 2.8378125, 2.8378125, 3,
1, 0, 0, 1, 1, 0, 0, 0, 0, 0, 0, 0, 0, 0, 0, 0, 0, 0, 0, 0, 14.9982518, 6.3, 23.7887067333, 7.1, 5.0, 0.20338404, 4.37749119997, 6.52, 14.9982518, 7.7, 5.3, 1.59456011667, 6.20721363889, 2,
1, 1, 0, 0, 0, 0, 0, 1, 0, 0, 0, 0, 0, 0, 0, 1, 0, 0, 0, 0, 1.47619047619, 6.22, 6.960130375, 7.3, 5.4, 0.506321777778, 2.94924102049, 6.4, 1.47619047619, 6.4, 6.4, 1.47619047619, 1.47619047619, 3,
1, 1, 0, 0, 0, 0, 0, 0, 0, 0, 0, 0, 0, 0, 0, 0, 0, 1, 0, 0, 3.38570972414, 5.78571428571, 9.27690909091, 7.0, 3.3, 0.373699955224, 2.46689642495, 5.45, 9.27690909091, 6.6, 3.3, 0.643679175, 2.9753889013, 2,
0, 0, 0, 1, 1, 0, 0, 0, 0, 0, 0, 0, 0, 0, 1, 0, 0, 0, 0, 0, 0.57927415, 6.9, 0.57927415, 10.0, 5.3, 0.57927415, 0.57927415, 6.1, 0.57927415, 6.7, 5.5, 0.57927415, 0.57927415, 1,
0, 0, 0, 1, 0, 0, 1, 0, 0, 0, 0, 0, 0, 0, 0, 0, 0, 0, 0, 0, 6.31513683333, 6.11111111111, 8.0, 7.4, 5.0, 2.22344433077, 5.13081815483, 5.48, 6.31513683333, 6.4, 4.0, 3.61502288889, 4.96507986111, 2,
0, 0, 0, 0, 0, 0, 1, 0, 0, 0, 0, 0, 0, 1, 0, 0, 0, 1, 0, 0, 0.0, 6.075, 11.0617429286, 7.0, 5.3, 1.07230769231, 4.91764813197, 5.82142857143, 3.2698869375, 7.3, 2.0, 0.560377358491, 1.7943813263, 3,
0, 0, 0, 1, 0, 0, 1, 1, 0, 0, 0, 0, 0, 0, 0, 0, 0, 0, 0, 0, 2.28333333333, 5.9, 2.28333333333, 7.3, 4.4, 0.9503625, 1.74456527778, 5.32, 2.28333333333, 5.9, 3.7, 1.36285375, 1.82309354167, 3,
0, 0, 0, 1, 0, 0, 0, 0, 0, 0, 0, 0, 0, 0, 0, 0, 0, 0, 0, 0, 0.825459090909, 5.7, 1.26625, 6.1, 5.2, 0.825459090909, 1.04585454545, 5.9, 0.825459090909, 6.0, 5.8, 0.825459090909, 0.825459090909, 3,
1, 0, 0, 0, 1, 0, 1, 0, 0, 0, 0, 0, 0, 0, 0, 0, 0, 1, 0, 0, 0.584773928571, 6.6, 5.35462943333, 7.1, 6.1, 0.584773928571, 2.66842003848, 7.1, 0.584773928571, 8.1, 6.1, 0.584773928571, 0.584773928571, 3,
0, 0, 0, 1, 0, 0, 0, 0, 0, 0, 0, 1, 0, 0, 0, 0, 0, 0, 0, 0, 1.71639290323, 5.66, 3.01139985, 6.6, 4.5, 1.14793465625, 1.95857580316, 5.82222222222, 1.71639290323, 6.5, 4.5, 1.22970365, 1.47304827661, 3,
1, 0, 0, 1, 1, 0, 0, 0, 0, 0, 0, 0, 0, 0, 0, 0, 0, 1, 0, 0, 0.0, 6.32727272727, 3.83029433333, 7.0, 5.6, 2.026874, 2.92858416667, 6.3, 0, 6.3, 6.3, 6, 1, 3,
0, 0, 0, 0, 0, 0, 1, 0, 1, 0, 0, 0, 0, 0, 1, 0, 0, 0, 0, 0, 2.39144483871, 6.64545454545, 75.5152908571, 7.8, 4.8, 1.86227015714, 12.0526278784, 5.82, 15.18943175, 6.9, 4.8, 2.39144483871, 8.79043829435, 3,
0, 0, 0, 0, 0, 0, 1, 0, 0, 0, 0, 0, 0, 0, 0, 0, 0, 0, 0, 0, 2.71463864167, 6.25384615385, 6.07142857143, 7.6, 3.8, 0.50886459375, 2.94689014207, 6.1, 2.71463864167, 6.1, 6.1, 2.71463864167, 2.71463864167, 3,
0, 0, 0, 1, 0, 0, 1, 0, 0, 0, 0, 0, 0, 0, 0, 0, 0, 0, 0, 0, 0.0, 5.75, 0, 6.1, 5.4, 6, 1, 5.45, 0, 5.5, 5.4, 6, 1, 3,
1, 1, 0, 0, 0, 0, 0, 0, 1, 0, 0, 0, 0, 0, 0, 1, 0, 0, 0, 0, 0.173555555556, 5.675, 2.6151398, 6.3, 5.2, 0.173555555556, 1.39434767778, 5.62, 1.7245575, 6.3, 5.3, 0.173555555556, 0.745611713889, 3,
0, 0, 0, 1, 0, 0, 1, 0, 0, 0, 0, 0, 0, 0, 1, 0, 0, 0, 0, 0, 2.77921378947, 5.85, 2.77921378947, 6.4, 5.3, 1.744858, 2.26203589474, 6.4, 2.77921378947, 6.4, 6.4, 2.77921378947, 2.77921378947, 3,
0, 0, 0, 0, 0, 0, 1, 0, 0, 0, 0, 0, 0, 0, 0, 0, 0, 0, 0, 0, 15.1400093846, 6.425, 15.1400093846, 7.0, 5.7, 1.15372813043, 5.99956418279, 7.0, 15.1400093846, 7.0, 7.0, 6, 15.1400093846, 0,
1, 1, 0, 0, 0, 0, 1, 0, 0, 0, 1, 0, 0, 0, 0, 0, 0, 0, 0, 0, 0.0, 5.87, 3.11472605, 6.9, 3.8, 0.46042396, 1.35613094917, 6.0, 2.659325, 6.8, 4.5, 1.23585145714, 2.00439283929, 3,
